1,1470,177.83,203.18,33.20,99.34,1,-1,-1,-1
1,1469,250.65,183.27,50.58,118.07,1,-1,-1,-1
1,1468,586.98,194.32,41.53,131.63,1,-1,-1,-1
1,1467,53.82,193.42,48.43,130.77,1,-1,-1,-1
1,1466,291.56,192.47,39.49,119.23,1,-1,-1,-1
2,1471,214.41,220.22,24.66,66.87,1,-1,-1,-1
2,1470,178.30,203.11,33.44,101.72,1,-1,-1,-1
2,1469,258.13,193.20,49.35,119.37,1,-1,-1,-1
2,1468,599.34,188.22,39.63,126.37,1,-1,-1,-1
2,1467,48.73,195.62,49.98,134.54,1,-1,-1,-1
2,1466,293.68,193.85,40.64,118.12,1,-1,-1,-1
3,1471,221.87,217.63,23.84,60.80,1,-1,-1,-1
3,1470,172.11,196.52,36.19,109.62,1,-1,-1,-1
3,1469,258.20,187.35,48.02,124.50,1,-1,-1,-1
3,1468,602.58,192.80,37.72,128.19,1,-1,-1,-1
3,1467,43.70,198.81,53.70,141.49,1,-1,-1,-1
3,1466,293.38,189.64,42.33,125.12,1,-1,-1,-1
4,1470,166.55,194.80,40.54,117.79,1,-1,-1,-1
4,1469,259.91,186.88,45.29,117.87,1,-1,-1,-1
4,1467,32.93,194.08,56.76,144.33,1,-1,-1,-1
4,1466,296.35,189.59,41.97,121.43,1,-1,-1,-1
5,1470,163.59,194.42,40.14,116.89,1,-1,-1,-1
5,1469,253.57,189.29,47.02,112.74,1,-1,-1,-1
5,1467,29.94,188.42,59.04,150.40,1,-1,-1,-1
5,1466,297.68,192.01,42.63,118.84,1,-1,-1,-1
6,1470,161.64,191.74,40.47,119.89,1,-1,-1,-1
6,1469,254.73,190.81,47.74,114.04,1,-1,-1,-1
6,1467,22.39,185.95,60.37,154.81,1,-1,-1,-1
6,1466,301.53,192.60,39.42,112.11,1,-1,-1,-1
7,1472,213.90,215.02,29.15,65.78,1,-1,-1,-1
7,1470,161.50,193.31,39.53,121.71,1,-1,-1,-1
7,1469,259.88,192.74,47.26,112.89,1,-1,-1,-1
7,1467,14.81,183.53,60.95,155.94,1,-1,-1,-1
7,1466,304.78,197.39,40.24,113.54,1,-1,-1,-1
8,1472,211.59,220.07,27.33,63.69,1,-1,-1,-1
8,1470,157.81,194.08,39.46,118.90,1,-1,-1,-1
8,1469,260.72,193.51,49.44,115.83,1,-1,-1,-1
8,1467,5.76,172.61,63.04,167.40,1,-1,-1,-1
8,1466,309.88,201.52,39.37,109.07,1,-1,-1,-1
9,1472,210.04,221.71,26.34,64.06,1,-1,-1,-1
9,1470,154.95,196.43,40.47,122.13,1,-1,-1,-1
9,1469,263.34,195.01,49.75,116.36,1,-1,-1,-1
9,1467,-0.28,169.64,66.91,181.41,1,-1,-1,-1
9,1466,310.19,199.15,39.39,109.99,1,-1,-1,-1
10,1472,210.06,219.18,25.26,64.28,1,-1,-1,-1
10,1470,151.24,194.55,42.67,126.53,1,-1,-1,-1
10,1469,265.27,191.06,50.69,116.08,1,-1,-1,-1
10,1467,-5.99,175.90,61.53,183.18,1,-1,-1,-1
10,1466,309.73,197.89,40.66,117.40,1,-1,-1,-1
11,1472,210.27,218.42,25.32,68.01,1,-1,-1,-1
11,1470,150.21,192.86,43.99,127.97,1,-1,-1,-1
11,1469,263.20,183.73,47.17,110.89,1,-1,-1,-1
11,1466,309.07,196.94,40.99,116.40,1,-1,-1,-1
12,1472,207.18,220.66,26.21,69.80,1,-1,-1,-1
12,1470,141.24,192.01,45.91,131.02,1,-1,-1,-1
12,1469,265.19,189.03,47.37,112.74,1,-1,-1,-1
12,1466,310.44,198.20,40.47,114.91,1,-1,-1,-1
13,1472,205.27,222.26,25.92,68.15,1,-1,-1,-1
13,1470,136.57,186.48,49.10,140.58,1,-1,-1,-1
13,1469,267.79,190.00,46.88,117.44,1,-1,-1,-1
13,1466,313.03,197.78,41.08,117.16,1,-1,-1,-1
14,1474,234.39,216.73,27.98,74.49,1,-1,-1,-1
14,1472,206.27,218.76,25.70,67.33,1,-1,-1,-1
14,1470,128.84,184.44,53.99,141.53,1,-1,-1,-1
14,1469,269.64,188.93,45.80,121.98,1,-1,-1,-1
14,1466,315.36,195.76,41.04,115.41,1,-1,-1,-1
15,1474,234.42,210.78,30.43,80.13,1,-1,-1,-1
15,1472,203.67,215.44,25.47,67.75,1,-1,-1,-1
15,1470,120.70,185.80,55.64,145.23,1,-1,-1,-1
15,1469,272.56,185.17,44.45,125.37,1,-1,-1,-1
15,1466,315.86,193.20,41.18,115.69,1,-1,-1,-1
16,1474,234.39,215.88,31.27,82.38,1,-1,-1,-1
16,1472,201.79,213.67,25.62,70.44,1,-1,-1,-1
16,1470,114.68,187.71,53.25,147.58,1,-1,-1,-1
16,1469,275.60,187.01,43.18,122.77,1,-1,-1,-1
16,1466,316.90,195.28,40.09,119.41,1,-1,-1,-1
17,1474,232.94,212.62,33.27,87.07,1,-1,-1,-1
17,1472,198.39,212.42,25.71,72.14,1,-1,-1,-1
17,1470,109.45,183.92,53.90,150.47,1,-1,-1,-1
17,1469,275.16,189.50,42.39,125.35,1,-1,-1,-1
17,1466,317.26,194.63,40.49,123.83,1,-1,-1,-1
18,1474,230.25,212.22,34.35,88.85,1,-1,-1,-1
18,1472,195.31,212.28,25.94,73.28,1,-1,-1,-1
18,1470,105.41,166.57,52.92,136.46,1,-1,-1,-1
18,1469,272.97,189.37,43.03,125.33,1,-1,-1,-1
18,1466,317.43,192.40,39.92,123.64,1,-1,-1,-1
19,1476,368.20,219.44,28.29,59.61,1,-1,-1,-1
19,1474,227.44,211.13,34.37,87.67,1,-1,-1,-1
19,1472,193.12,213.13,25.59,72.78,1,-1,-1,-1
19,1469,272.37,191.73,42.68,125.65,1,-1,-1,-1
19,1466,317.67,189.76,38.77,122.78,1,-1,-1,-1
20,1476,370.95,223.65,28.26,58.80,1,-1,-1,-1
20,1474,223.86,212.23,35.85,88.29,1,-1,-1,-1
20,1472,189.79,215.64,26.34,76.24,1,-1,-1,-1
20,1469,273.50,187.63,43.65,125.31,1,-1,-1,-1
20,1466,319.74,189.66,39.71,126.40,1,-1,-1,-1
21,1478,83.83,164.16,58.10,180.78,1,-1,-1,-1
21,1476,372.84,221.87,27.75,58.89,1,-1,-1,-1
21,1474,220.22,214.70,36.78,88.23,1,-1,-1,-1
21,1472,187.26,215.42,25.22,76.03,1,-1,-1,-1
21,1469,274.46,185.25,43.66,127.33,1,-1,-1,-1
21,1466,319.04,189.73,40.17,127.26,1,-1,-1,-1
22,1478,77.53,154.77,58.79,187.04,1,-1,-1,-1
22,1476,373.84,221.00,26.79,59.26,1,-1,-1,-1
22,1474,218.92,212.92,35.99,85.63,1,-1,-1,-1
22,1472,186.67,215.91,24.64,76.14,1,-1,-1,-1
22,1469,274.19,185.01,42.84,129.22,1,-1,-1,-1
22,1466,319.79,186.68,40.37,124.38,1,-1,-1,-1
23,1478,61.57,147.00,70.53,207.93,1,-1,-1,-1
23,1474,216.80,217.68,35.30,84.11,1,-1,-1,-1
23,1472,182.93,212.11,26.02,80.59,1,-1,-1,-1
23,1469,275.11,186.84,42.18,131.98,1,-1,-1,-1
23,1466,320.48,184.48,41.25,125.08,1,-1,-1,-1
24,1478,49.83,147.14,73.34,210.68,1,-1,-1,-1
24,1474,219.81,212.47,35.82,87.17,1,-1,-1,-1
24,1472,178.97,206.83,27.37,84.26,1,-1,-1,-1
24,1469,271.42,183.60,43.64,132.75,1,-1,-1,-1
24,1466,321.42,186.33,40.44,124.16,1,-1,-1,-1
25,1478,35.06,140.66,85.25,229.42,1,-1,-1,-1
25,1474,214.38,213.94,38.70,85.71,1,-1,-1,-1
25,1472,172.31,201.11,28.18,88.80,1,-1,-1,-1
25,1469,274.44,186.32,44.29,128.88,1,-1,-1,-1
25,1466,323.38,184.28,40.15,126.23,1,-1,-1,-1
26,1478,22.17,133.13,93.35,240.73,1,-1,-1,-1
26,1476,373.83,215.20,26.62,63.45,1,-1,-1,-1
26,1474,212.33,213.75,38.59,88.20,1,-1,-1,-1
26,1472,167.69,200.48,29.71,93.92,1,-1,-1,-1
26,1469,275.72,189.10,45.63,122.61,1,-1,-1,-1
26,1466,320.01,183.67,39.45,124.82,1,-1,-1,-1
27,1478,8.34,129.85,97.97,253.96,1,-1,-1,-1
27,1474,207.26,209.28,39.58,88.09,1,-1,-1,-1
27,1472,163.10,200.28,29.97,97.61,1,-1,-1,-1
27,1469,275.22,188.67,46.95,121.78,1,-1,-1,-1
27,1466,320.80,180.75,41.05,128.93,1,-1,-1,-1
28,1478,-3.07,124.20,97.10,263.40,1,-1,-1,-1
28,1472,159.05,202.83,30.20,98.37,1,-1,-1,-1
28,1469,271.65,187.37,45.73,119.89,1,-1,-1,-1
28,1466,320.80,181.52,40.71,129.53,1,-1,-1,-1
29,1478,-7.49,124.70,95.67,277.32,1,-1,-1,-1
29,1472,152.93,199.91,32.38,102.48,1,-1,-1,-1
29,1469,269.61,186.19,45.91,118.16,1,-1,-1,-1
29,1466,321.01,180.10,40.75,131.10,1,-1,-1,-1
30,1478,-9.40,113.16,92.24,285.72,1,-1,-1,-1
30,1476,368.00,212.75,29.55,68.30,1,-1,-1,-1
30,1472,151.63,199.18,32.42,102.80,1,-1,-1,-1
30,1469,268.81,187.23,46.51,119.23,1,-1,-1,-1
30,1466,321.56,176.80,40.56,132.31,1,-1,-1,-1
31,1478,-9.56,114.34,87.77,273.53,1,-1,-1,-1
31,1476,367.64,210.89,29.76,72.00,1,-1,-1,-1
31,1474,196.89,212.82,43.95,91.51,1,-1,-1,-1
31,1472,145.24,200.65,33.01,105.61,1,-1,-1,-1
31,1469,273.91,185.99,48.28,119.61,1,-1,-1,-1
31,1466,322.09,176.26,41.77,129.88,1,-1,-1,-1
32,1481,93.03,213.44,24.81,62.35,1,-1,-1,-1
32,1478,-13.37,113.16,75.27,265.46,1,-1,-1,-1
32,1476,367.29,213.01,29.49,73.60,1,-1,-1,-1
32,1472,143.24,197.30,33.34,107.63,1,-1,-1,-1
32,1469,271.44,189.04,49.30,120.51,1,-1,-1,-1
32,1466,322.30,174.23,41.77,135.23,1,-1,-1,-1
33,1481,86.81,213.83,25.28,62.82,1,-1,-1,-1
33,1476,367.53,214.20,29.20,73.75,1,-1,-1,-1
33,1472,139.31,196.10,34.06,112.38,1,-1,-1,-1
33,1469,274.48,190.18,49.48,117.97,1,-1,-1,-1
33,1466,321.87,171.35,42.33,139.64,1,-1,-1,-1
34,1481,82.38,211.40,27.40,65.79,1,-1,-1,-1
34,1476,367.85,217.01,29.61,74.14,1,-1,-1,-1
34,1472,134.43,198.33,35.93,113.02,1,-1,-1,-1
34,1469,275.04,190.46,49.20,116.65,1,-1,-1,-1
34,1466,322.27,181.24,40.79,135.58,1,-1,-1,-1
35,1481,76.90,207.42,30.78,66.71,1,-1,-1,-1
35,1476,368.06,217.38,30.58,74.78,1,-1,-1,-1
35,1472,128.79,203.74,36.21,114.28,1,-1,-1,-1
35,1469,273.51,193.64,48.63,115.85,1,-1,-1,-1
35,1466,322.27,180.95,40.25,134.03,1,-1,-1,-1
36,1481,69.23,208.27,31.82,69.71,1,-1,-1,-1
36,1476,367.10,221.81,30.75,72.81,1,-1,-1,-1
36,1472,122.03,201.15,37.81,120.65,1,-1,-1,-1
36,1469,266.74,196.55,50.03,120.75,1,-1,-1,-1
36,1466,317.76,184.89,39.07,131.85,1,-1,-1,-1
37,1481,61.42,207.98,33.56,70.67,1,-1,-1,-1
37,1476,365.23,218.15,31.86,75.96,1,-1,-1,-1
37,1472,113.87,195.92,39.35,124.09,1,-1,-1,-1
37,1469,265.10,194.35,51.34,117.96,1,-1,-1,-1
37,1466,316.63,188.20,40.93,131.46,1,-1,-1,-1
38,1481,55.98,209.24,32.81,70.11,1,-1,-1,-1
38,1476,363.40,221.11,31.94,72.15,1,-1,-1,-1
38,1472,109.53,191.43,39.39,127.23,1,-1,-1,-1
38,1469,264.99,185.96,51.31,122.08,1,-1,-1,-1
38,1466,314.40,183.38,40.61,131.85,1,-1,-1,-1
39,1481,55.57,205.24,31.81,70.65,1,-1,-1,-1
39,1476,366.32,215.86,32.23,68.50,1,-1,-1,-1
39,1472,105.22,189.45,39.10,129.28,1,-1,-1,-1
39,1469,264.46,183.19,52.02,127.33,1,-1,-1,-1
39,1466,315.03,181.18,39.28,128.80,1,-1,-1,-1
40,1481,50.85,201.04,33.91,71.50,1,-1,-1,-1
40,1476,367.31,212.80,32.25,69.40,1,-1,-1,-1
40,1472,99.34,184.40,39.08,133.92,1,-1,-1,-1
40,1469,265.32,184.40,51.49,126.19,1,-1,-1,-1
40,1466,313.68,185.87,42.94,125.24,1,-1,-1,-1
41,1484,141.69,187.08,69.99,159.49,1,-1,-1,-1
41,1481,49.45,203.71,31.88,68.81,1,-1,-1,-1
41,1476,367.49,216.48,31.66,69.46,1,-1,-1,-1
41,1472,98.50,181.04,41.72,137.73,1,-1,-1,-1
41,1469,262.82,186.99,50.79,127.07,1,-1,-1,-1
41,1466,318.67,192.04,42.15,120.93,1,-1,-1,-1
42,1481,44.38,201.26,33.38,73.42,1,-1,-1,-1
42,1476,369.57,214.33,30.96,69.90,1,-1,-1,-1
42,1472,94.49,179.42,42.27,139.29,1,-1,-1,-1
42,1469,266.32,186.46,48.21,128.65,1,-1,-1,-1
42,1466,317.11,192.93,42.11,123.03,1,-1,-1,-1
43,1481,39.82,198.95,35.31,79.64,1,-1,-1,-1
43,1476,370.30,214.78,29.56,69.42,1,-1,-1,-1
43,1472,86.16,186.52,42.52,143.47,1,-1,-1,-1
43,1469,269.21,187.18,47.39,129.36,1,-1,-1,-1
43,1466,315.98,190.82,41.13,123.08,1,-1,-1,-1
44,1481,35.89,196.49,38.19,89.41,1,-1,-1,-1
44,1472,82.60,178.65,44.91,149.25,1,-1,-1,-1
44,1469,266.29,184.97,48.24,131.07,1,-1,-1,-1
44,1466,315.24,193.66,40.67,119.86,1,-1,-1,-1
45,1481,28.65,192.28,39.85,89.24,1,-1,-1,-1
45,1472,76.35,172.40,45.57,147.87,1,-1,-1,-1
45,1469,266.55,183.36,48.99,131.41,1,-1,-1,-1
45,1466,314.60,186.26,39.18,122.15,1,-1,-1,-1
46,1481,23.37,195.83,39.21,86.21,1,-1,-1,-1
46,1472,65.66,160.23,47.36,137.51,1,-1,-1,-1
46,1469,269.60,186.02,46.24,133.59,1,-1,-1,-1
46,1466,315.45,184.57,38.88,124.14,1,-1,-1,-1
47,1487,138.06,154.95,51.49,126.86,1,-1,-1,-1
47,1481,21.05,195.47,36.38,85.43,1,-1,-1,-1
47,1472,55.90,161.10,47.00,136.37,1,-1,-1,-1
47,1469,267.89,181.08,47.49,135.61,1,-1,-1,-1
47,1466,317.10,181.89,38.58,126.29,1,-1,-1,-1
48,1487,135.47,152.12,53.10,133.82,1,-1,-1,-1
48,1472,43.89,165.56,50.83,141.59,1,-1,-1,-1
48,1469,267.24,181.81,48.67,136.00,1,-1,-1,-1
48,1466,321.70,184.71,36.54,125.35,1,-1,-1,-1
49,1488,374.61,208.66,34.89,70.63,1,-1,-1,-1
49,1487,133.61,148.73,53.04,135.45,1,-1,-1,-1
49,1472,33.80,167.80,52.48,144.11,1,-1,-1,-1
49,1469,271.16,185.53,47.82,136.31,1,-1,-1,-1
49,1466,318.87,191.43,36.23,124.59,1,-1,-1,-1
50,1488,376.26,207.10,36.04,72.88,1,-1,-1,-1
50,1487,128.21,144.14,59.67,147.12,1,-1,-1,-1
50,1469,269.36,183.86,49.58,135.64,1,-1,-1,-1
50,1466,314.60,197.01,37.02,125.25,1,-1,-1,-1
51,1488,377.84,212.95,35.34,71.44,1,-1,-1,-1
51,1487,117.06,137.80,62.30,145.95,1,-1,-1,-1
51,1469,267.66,187.77,50.76,133.10,1,-1,-1,-1
51,1466,318.46,199.00,36.12,120.87,1,-1,-1,-1
52,1488,383.50,220.80,31.22,66.66,1,-1,-1,-1
52,1487,95.30,133.91,80.75,179.71,1,-1,-1,-1
52,1469,266.61,186.81,51.61,134.61,1,-1,-1,-1
52,1466,315.58,192.93,35.64,120.86,1,-1,-1,-1
53,1488,383.65,219.06,31.56,70.03,1,-1,-1,-1
53,1487,82.83,128.94,91.51,199.16,1,-1,-1,-1
53,1472,-0.44,141.92,59.99,134.88,1,-1,-1,-1
53,1469,266.46,185.47,49.03,133.26,1,-1,-1,-1
53,1466,315.56,194.97,37.25,120.19,1,-1,-1,-1
54,1488,383.99,214.00,33.08,74.13,1,-1,-1,-1
54,1487,74.50,115.87,93.93,203.84,1,-1,-1,-1
54,1472,-5.90,128.23,55.23,126.81,1,-1,-1,-1
54,1469,267.23,184.80,46.88,131.04,1,-1,-1,-1
54,1466,314.92,194.95,37.46,119.52,1,-1,-1,-1
55,1487,59.82,108.34,98.41,204.40,1,-1,-1,-1
55,1469,269.42,184.42,45.41,126.82,1,-1,-1,-1
55,1466,319.27,195.74,37.25,118.05,1,-1,-1,-1
56,1487,45.16,101.45,108.82,232.02,1,-1,-1,-1
56,1469,271.46,187.59,44.40,126.78,1,-1,-1,-1
56,1466,321.56,193.72,37.87,115.02,1,-1,-1,-1
57,1487,25.30,89.68,120.17,271.45,1,-1,-1,-1
57,1469,273.77,187.97,44.88,126.68,1,-1,-1,-1
57,1466,318.88,197.20,37.03,115.50,1,-1,-1,-1
58,1488,390.36,210.30,34.71,78.45,1,-1,-1,-1
58,1487,15.88,78.79,124.72,272.28,1,-1,-1,-1
58,1469,275.50,186.43,45.61,129.50,1,-1,-1,-1
58,1466,317.78,197.54,36.68,113.74,1,-1,-1,-1
59,1488,391.37,208.75,35.98,80.16,1,-1,-1,-1
59,1487,5.87,72.18,125.41,277.61,1,-1,-1,-1
59,1469,276.56,185.26,46.81,129.61,1,-1,-1,-1
59,1466,316.72,198.59,36.57,111.85,1,-1,-1,-1
60,1488,389.52,211.74,34.57,78.83,1,-1,-1,-1
60,1487,-5.25,56.62,123.46,290.60,1,-1,-1,-1
60,1469,276.56,187.86,47.52,126.90,1,-1,-1,-1
60,1466,317.96,200.94,36.25,113.15,1,-1,-1,-1
61,1496,134.88,229.85,24.84,46.10,1,-1,-1,-1
61,1488,390.81,210.90,34.20,79.42,1,-1,-1,-1
61,1487,-12.22,54.77,117.31,324.79,1,-1,-1,-1
61,1469,278.79,188.94,49.07,128.90,1,-1,-1,-1
61,1466,319.67,195.03,36.67,115.04,1,-1,-1,-1
62,1497,243.61,211.48,22.38,64.20,1,-1,-1,-1
62,1496,128.29,225.28,25.34,49.42,1,-1,-1,-1
62,1488,391.96,210.99,33.81,80.01,1,-1,-1,-1
62,1487,-13.77,61.16,112.82,351.51,1,-1,-1,-1
62,1469,283.61,188.26,47.65,127.20,1,-1,-1,-1
62,1466,320.99,194.70,36.92,117.28,1,-1,-1,-1
63,1497,248.47,206.91,23.09,68.09,1,-1,-1,-1
63,1496,130.64,221.40,26.50,51.73,1,-1,-1,-1
63,1488,394.29,209.35,33.25,81.69,1,-1,-1,-1
63,1487,-16.42,62.25,98.74,349.05,1,-1,-1,-1
63,1469,282.37,185.93,48.96,126.31,1,-1,-1,-1
63,1466,321.11,191.74,38.26,117.69,1,-1,-1,-1
64,1497,243.00,207.91,23.17,68.37,1,-1,-1,-1
64,1496,127.43,220.76,26.14,52.55,1,-1,-1,-1
64,1488,396.30,207.76,33.86,81.35,1,-1,-1,-1
64,1469,280.46,183.75,48.62,127.94,1,-1,-1,-1
64,1466,322.15,190.70,38.48,115.99,1,-1,-1,-1
65,1497,245.25,203.34,23.75,71.90,1,-1,-1,-1
65,1496,127.42,219.85,25.84,53.37,1,-1,-1,-1
65,1488,396.58,207.35,34.57,81.89,1,-1,-1,-1
65,1469,279.33,184.58,49.82,129.44,1,-1,-1,-1
65,1466,323.35,197.15,38.43,117.22,1,-1,-1,-1
66,1497,245.87,206.96,23.94,70.31,1,-1,-1,-1
66,1496,129.21,216.89,26.99,54.48,1,-1,-1,-1
66,1469,279.23,186.57,50.28,130.61,1,-1,-1,-1
66,1466,325.70,195.00,39.07,117.11,1,-1,-1,-1
67,1496,129.17,215.31,27.96,55.63,1,-1,-1,-1
67,1469,279.77,186.39,50.37,132.06,1,-1,-1,-1
67,1466,327.36,192.21,38.79,119.80,1,-1,-1,-1
68,1496,130.31,214.19,27.04,53.38,1,-1,-1,-1
68,1469,279.51,186.71,49.98,131.71,1,-1,-1,-1
68,1466,326.05,190.01,37.68,121.10,1,-1,-1,-1
69,1496,131.81,216.69,27.10,50.87,1,-1,-1,-1
69,1469,279.32,187.98,50.07,131.80,1,-1,-1,-1
69,1466,332.08,189.81,36.26,122.90,1,-1,-1,-1
70,1496,129.65,218.83,25.88,51.40,1,-1,-1,-1
70,1469,279.21,188.09,49.98,128.52,1,-1,-1,-1
70,1466,335.61,189.59,36.08,124.43,1,-1,-1,-1
71,1496,129.48,221.70,25.37,49.72,1,-1,-1,-1
71,1469,284.69,190.20,48.68,124.74,1,-1,-1,-1
71,1466,332.63,189.54,37.64,129.46,1,-1,-1,-1
72,1496,126.37,222.89,25.22,49.14,1,-1,-1,-1
72,1469,286.82,189.68,48.95,121.26,1,-1,-1,-1
72,1466,333.86,187.67,38.16,131.52,1,-1,-1,-1
73,1496,129.91,221.84,25.63,46.19,1,-1,-1,-1
73,1469,287.06,191.66,50.98,124.09,1,-1,-1,-1
73,1466,330.97,187.07,37.83,131.88,1,-1,-1,-1
74,1496,127.63,223.19,25.65,43.44,1,-1,-1,-1
74,1469,286.67,190.84,52.54,126.49,1,-1,-1,-1
74,1466,335.40,191.02,38.74,128.13,1,-1,-1,-1
75,1502,402.68,207.87,37.94,85.31,1,-1,-1,-1
75,1496,129.57,223.45,27.08,43.42,1,-1,-1,-1
75,1469,288.01,192.39,50.62,127.45,1,-1,-1,-1
75,1466,337.93,197.38,38.13,125.87,1,-1,-1,-1
76,1505,578.43,189.44,54.25,149.85,1,-1,-1,-1
76,1502,406.69,202.44,39.17,88.27,1,-1,-1,-1
76,1501,236.83,222.10,22.14,63.02,1,-1,-1,-1
76,1496,129.83,225.37,27.90,43.20,1,-1,-1,-1
76,1469,288.49,191.92,51.03,126.35,1,-1,-1,-1
76,1466,340.25,195.94,37.18,126.78,1,-1,-1,-1
77,1506,196.53,221.29,26.04,58.94,1,-1,-1,-1
77,1505,583.11,181.67,54.58,153.42,1,-1,-1,-1
77,1502,407.19,203.32,38.99,88.08,1,-1,-1,-1
77,1501,233.83,226.27,21.76,61.54,1,-1,-1,-1
77,1496,129.62,224.98,28.41,43.60,1,-1,-1,-1
77,1469,292.03,193.42,50.96,130.66,1,-1,-1,-1
77,1466,342.83,195.61,36.07,131.56,1,-1,-1,-1
78,1506,202.85,220.50,24.60,59.56,1,-1,-1,-1
78,1505,590.84,190.04,47.01,139.53,1,-1,-1,-1
78,1502,408.53,203.36,40.68,88.34,1,-1,-1,-1
78,1501,232.13,225.11,21.72,60.45,1,-1,-1,-1
78,1496,128.55,225.12,26.24,43.61,1,-1,-1,-1
78,1469,294.86,191.22,51.98,130.45,1,-1,-1,-1
78,1466,344.94,190.54,36.24,134.63,1,-1,-1,-1
79,1505,597.34,191.03,43.84,137.90,1,-1,-1,-1
79,1502,409.91,203.04,42.26,89.48,1,-1,-1,-1
79,1501,235.31,223.23,22.32,61.30,1,-1,-1,-1
79,1496,128.28,221.01,25.94,45.21,1,-1,-1,-1
79,1469,296.11,187.82,52.38,131.59,1,-1,-1,-1
79,1466,346.85,185.39,37.59,134.54,1,-1,-1,-1
80,1502,410.06,204.25,45.76,92.84,1,-1,-1,-1
80,1501,236.38,225.97,22.39,60.36,1,-1,-1,-1
80,1496,129.16,222.05,25.04,45.11,1,-1,-1,-1
80,1469,297.83,189.37,53.25,132.01,1,-1,-1,-1
80,1466,349.29,185.42,39.43,134.11,1,-1,-1,-1
81,1507,189.57,215.45,27.19,61.74,1,-1,-1,-1
81,1502,410.75,203.81,46.61,95.84,1,-1,-1,-1
81,1501,233.54,227.59,23.74,60.24,1,-1,-1,-1
81,1496,129.41,220.54,25.13,46.35,1,-1,-1,-1
81,1469,300.28,191.62,53.15,131.38,1,-1,-1,-1
81,1466,350.91,191.37,40.68,128.38,1,-1,-1,-1
82,1507,188.57,219.42,24.98,57.66,1,-1,-1,-1
82,1502,410.62,197.85,47.04,98.35,1,-1,-1,-1
82,1501,233.85,221.20,25.42,62.66,1,-1,-1,-1
82,1496,132.36,220.02,24.99,49.09,1,-1,-1,-1
82,1469,302.10,191.14,53.04,129.52,1,-1,-1,-1
82,1466,352.01,194.93,41.78,126.31,1,-1,-1,-1
83,1507,185.87,221.49,22.15,53.83,1,-1,-1,-1
83,1502,412.77,194.28,47.80,98.60,1,-1,-1,-1
83,1501,233.17,220.09,26.28,62.74,1,-1,-1,-1
83,1496,130.12,217.79,24.73,48.71,1,-1,-1,-1
83,1469,299.58,187.01,55.67,128.19,1,-1,-1,-1
83,1466,353.88,198.80,40.12,123.01,1,-1,-1,-1
84,1507,184.13,223.33,22.13,53.79,1,-1,-1,-1
84,1501,230.53,220.37,27.20,64.13,1,-1,-1,-1
84,1496,130.32,217.95,26.14,46.84,1,-1,-1,-1
84,1469,302.28,190.69,54.69,127.60,1,-1,-1,-1
84,1466,356.07,196.67,41.82,126.81,1,-1,-1,-1
85,1507,185.65,225.00,23.33,54.79,1,-1,-1,-1
85,1501,227.24,218.99,26.67,63.01,1,-1,-1,-1
85,1496,126.12,217.98,27.19,47.22,1,-1,-1,-1
85,1469,302.88,187.88,54.78,132.14,1,-1,-1,-1
85,1466,356.97,200.47,42.81,127.13,1,-1,-1,-1
86,1507,178.16,225.74,23.32,55.49,1,-1,-1,-1
86,1501,220.42,224.43,25.30,61.30,1,-1,-1,-1
86,1496,125.82,222.56,28.87,47.88,1,-1,-1,-1
86,1469,298.69,191.57,56.86,132.52,1,-1,-1,-1
86,1466,357.04,204.71,43.63,121.21,1,-1,-1,-1
87,1507,177.48,228.87,21.80,54.01,1,-1,-1,-1
87,1502,413.38,196.87,47.17,91.01,1,-1,-1,-1
87,1501,217.52,222.73,24.09,61.19,1,-1,-1,-1
87,1496,124.27,228.22,27.49,48.68,1,-1,-1,-1
87,1469,298.50,194.17,55.27,132.70,1,-1,-1,-1
87,1466,356.14,201.26,42.66,119.50,1,-1,-1,-1
88,1507,175.24,228.16,20.79,51.79,1,-1,-1,-1
88,1502,414.39,195.07,46.47,90.27,1,-1,-1,-1
88,1501,219.15,220.26,24.84,64.36,1,-1,-1,-1
88,1496,121.52,226.89,27.68,49.78,1,-1,-1,-1
88,1469,299.44,194.01,52.73,131.80,1,-1,-1,-1
88,1466,357.43,202.89,40.55,116.64,1,-1,-1,-1
89,1507,179.07,228.91,21.08,53.60,1,-1,-1,-1
89,1502,414.74,195.90,47.45,92.28,1,-1,-1,-1
89,1501,220.19,218.32,25.89,67.08,1,-1,-1,-1
89,1496,121.25,229.75,27.04,50.00,1,-1,-1,-1
89,1469,299.22,189.79,53.64,131.94,1,-1,-1,-1
89,1466,360.46,198.70,41.96,118.50,1,-1,-1,-1
90,1507,174.31,224.40,20.06,52.49,1,-1,-1,-1
90,1502,419.55,195.52,49.16,95.25,1,-1,-1,-1
90,1501,217.45,211.42,27.79,72.97,1,-1,-1,-1
90,1496,119.57,222.34,26.65,51.18,1,-1,-1,-1
90,1469,298.59,184.82,54.64,132.11,1,-1,-1,-1
90,1466,360.82,191.30,44.06,122.33,1,-1,-1,-1
91,1511,202.12,216.00,26.37,67.22,1,-1,-1,-1
91,1507,171.84,223.27,20.88,54.36,1,-1,-1,-1
91,1502,418.92,195.70,49.74,95.92,1,-1,-1,-1
91,1501,216.34,210.84,29.15,75.91,1,-1,-1,-1
91,1496,117.98,221.78,27.00,51.13,1,-1,-1,-1
91,1469,299.23,184.76,54.54,133.06,1,-1,-1,-1
91,1466,358.87,190.92,44.50,118.79,1,-1,-1,-1
92,1507,172.01,221.58,21.90,55.33,1,-1,-1,-1
92,1501,213.78,211.41,29.45,76.59,1,-1,-1,-1
92,1496,117.81,218.25,27.77,49.89,1,-1,-1,-1
92,1469,302.04,186.84,53.98,131.31,1,-1,-1,-1
92,1466,360.40,189.58,44.18,119.49,1,-1,-1,-1
93,1507,171.19,221.18,21.42,52.20,1,-1,-1,-1
93,1501,212.35,208.44,31.14,81.28,1,-1,-1,-1
93,1496,119.78,218.51,26.11,51.42,1,-1,-1,-1
93,1469,300.76,188.42,55.30,134.02,1,-1,-1,-1
93,1466,362.09,194.59,45.07,119.56,1,-1,-1,-1
94,1507,166.91,223.37,21.58,50.91,1,-1,-1,-1
94,1501,211.87,206.83,32.42,83.62,1,-1,-1,-1
94,1496,119.91,217.06,25.47,49.73,1,-1,-1,-1
94,1469,301.76,184.83,56.22,130.36,1,-1,-1,-1
94,1466,366.80,196.15,45.39,117.82,1,-1,-1,-1
95,1507,165.69,222.44,24.44,54.30,1,-1,-1,-1
95,1501,209.67,202.57,32.96,85.22,1,-1,-1,-1
95,1496,121.25,215.20,25.04,52.05,1,-1,-1,-1
95,1469,305.87,178.73,55.26,131.03,1,-1,-1,-1
95,1466,368.69,195.78,45.14,117.77,1,-1,-1,-1
96,1507,163.23,216.25,26.45,56.74,1,-1,-1,-1
96,1501,205.03,200.95,32.84,83.90,1,-1,-1,-1
96,1496,119.13,215.99,24.89,51.61,1,-1,-1,-1
96,1469,307.52,179.96,55.20,130.98,1,-1,-1,-1
96,1466,369.04,201.27,45.31,112.88,1,-1,-1,-1
97,1507,158.62,211.84,26.10,60.56,1,-1,-1,-1
97,1501,203.54,191.95,34.59,90.52,1,-1,-1,-1
97,1496,119.08,209.83,26.09,50.45,1,-1,-1,-1
97,1469,310.22,172.04,54.69,136.60,1,-1,-1,-1
97,1466,367.53,190.54,44.64,119.42,1,-1,-1,-1
98,1507,156.49,207.73,28.15,67.27,1,-1,-1,-1
98,1501,201.87,188.45,35.08,95.84,1,-1,-1,-1
98,1496,118.31,206.73,26.91,50.01,1,-1,-1,-1
98,1469,312.01,170.70,53.73,135.57,1,-1,-1,-1
98,1466,368.83,184.74,43.31,122.55,1,-1,-1,-1
99,1507,152.52,205.18,28.93,71.28,1,-1,-1,-1
99,1501,199.41,187.22,35.06,98.44,1,-1,-1,-1
99,1496,115.64,204.74,27.69,52.41,1,-1,-1,-1
99,1469,307.25,170.58,52.30,135.92,1,-1,-1,-1
99,1466,368.67,179.86,42.97,126.03,1,-1,-1,-1
100,1507,149.81,202.11,28.51,69.20,1,-1,-1,-1
100,1501,199.63,187.00,35.59,102.15,1,-1,-1,-1
100,1496,112.48,208.91,26.60,53.01,1,-1,-1,-1
100,1469,311.19,169.28,51.77,135.21,1,-1,-1,-1
100,1466,369.55,178.14,45.11,127.43,1,-1,-1,-1
101,1507,147.28,200.74,28.68,71.61,1,-1,-1,-1
101,1501,200.13,186.69,36.78,98.65,1,-1,-1,-1
101,1496,111.37,204.72,25.07,53.18,1,-1,-1,-1
101,1469,310.42,170.43,53.28,134.73,1,-1,-1,-1
101,1466,370.06,177.83,47.51,126.95,1,-1,-1,-1
102,1507,146.23,202.63,27.84,72.34,1,-1,-1,-1
102,1501,197.02,179.79,36.47,100.46,1,-1,-1,-1
102,1496,110.31,205.12,25.30,54.38,1,-1,-1,-1
102,1469,312.34,163.65,53.15,136.92,1,-1,-1,-1
102,1466,368.86,176.31,49.02,129.84,1,-1,-1,-1
103,1507,141.01,202.45,30.55,75.61,1,-1,-1,-1
103,1501,193.41,186.55,35.91,101.04,1,-1,-1,-1
103,1469,307.93,170.47,54.95,139.16,1,-1,-1,-1
103,1466,368.14,182.77,48.95,123.72,1,-1,-1,-1
104,1507,133.70,200.73,31.36,79.37,1,-1,-1,-1
104,1501,191.26,196.91,35.49,94.15,1,-1,-1,-1
104,1469,304.57,171.67,53.84,136.31,1,-1,-1,-1
104,1466,366.41,182.88,48.44,124.12,1,-1,-1,-1
105,1507,128.39,202.69,31.38,81.51,1,-1,-1,-1
105,1501,187.34,194.18,35.47,93.21,1,-1,-1,-1
105,1469,302.34,168.38,53.61,135.11,1,-1,-1,-1
105,1466,367.23,176.04,47.33,125.99,1,-1,-1,-1
106,1507,117.94,197.01,32.42,83.78,1,-1,-1,-1
106,1501,181.01,193.23,33.63,97.17,1,-1,-1,-1
106,1469,302.69,168.58,54.58,136.29,1,-1,-1,-1
106,1466,365.23,172.20,49.46,125.15,1,-1,-1,-1
107,1520,270.46,208.91,24.22,70.73,1,-1,-1,-1
107,1507,113.30,194.53,34.68,83.93,1,-1,-1,-1
107,1501,175.34,191.14,33.92,104.72,1,-1,-1,-1
107,1469,301.26,174.06,55.54,136.23,1,-1,-1,-1
107,1466,365.42,174.74,48.75,124.22,1,-1,-1,-1
108,1519,221.34,223.81,30.90,78.52,1,-1,-1,-1
108,1507,102.72,196.15,36.11,84.49,1,-1,-1,-1
108,1501,167.56,186.16,34.87,109.01,1,-1,-1,-1
108,1469,301.09,181.96,54.98,134.44,1,-1,-1,-1
108,1466,360.34,171.73,47.12,128.60,1,-1,-1,-1
109,1519,215.73,222.20,30.85,81.30,1,-1,-1,-1
109,1507,94.92,198.25,38.66,86.74,1,-1,-1,-1
109,1501,163.13,182.75,36.44,113.08,1,-1,-1,-1
109,1469,295.84,179.27,55.13,132.50,1,-1,-1,-1
109,1466,358.14,181.23,46.31,126.87,1,-1,-1,-1
110,1519,215.95,213.79,31.54,86.98,1,-1,-1,-1
110,1507,89.65,199.33,39.71,88.89,1,-1,-1,-1
110,1501,155.66,182.01,37.94,115.72,1,-1,-1,-1
110,1469,294.25,177.81,54.94,129.70,1,-1,-1,-1
110,1466,354.04,189.49,48.48,122.66,1,-1,-1,-1
111,1521,258.02,215.83,23.84,69.16,1,-1,-1,-1
111,1519,215.33,209.19,30.59,90.59,1,-1,-1,-1
111,1507,83.85,196.63,39.08,91.05,1,-1,-1,-1
111,1501,149.67,179.81,39.41,117.44,1,-1,-1,-1
111,1469,295.92,180.76,53.33,130.25,1,-1,-1,-1
111,1466,352.79,189.82,46.84,123.12,1,-1,-1,-1
112,1521,262.05,214.46,21.94,65.84,1,-1,-1,-1
112,1519,209.01,204.07,40.47,103.93,1,-1,-1,-1
112,1507,79.17,199.31,40.95,93.22,1,-1,-1,-1
112,1501,146.96,179.21,40.45,122.28,1,-1,-1,-1
112,1469,296.19,180.09,53.35,130.85,1,-1,-1,-1
112,1466,353.24,189.73,46.54,119.88,1,-1,-1,-1
113,1524,514.49,187.65,42.05,121.90,1,-1,-1,-1
113,1522,188.81,214.72,31.89,90.96,1,-1,-1,-1
113,1507,72.93,196.34,45.09,98.54,1,-1,-1,-1
113,1501,143.31,174.57,41.57,123.30,1,-1,-1,-1
113,1469,299.02,179.61,53.81,130.09,1,-1,-1,-1
113,1466,351.39,183.39,45.11,123.26,1,-1,-1,-1
114,1524,520.09,193.72,40.88,113.00,1,-1,-1,-1
114,1522,183.43,212.20,31.24,95.63,1,-1,-1,-1
114,1507,67.86,197.29,42.82,99.36,1,-1,-1,-1
114,1501,137.60,171.84,45.51,129.15,1,-1,-1,-1
114,1469,295.20,177.46,54.10,129.12,1,-1,-1,-1
114,1466,351.95,180.06,42.60,126.00,1,-1,-1,-1
115,1524,516.73,192.76,40.96,110.50,1,-1,-1,-1
115,1522,179.50,209.26,33.46,103.82,1,-1,-1,-1
115,1507,68.20,192.55,43.78,101.06,1,-1,-1,-1
115,1501,131.35,173.76,46.37,131.23,1,-1,-1,-1
115,1469,298.79,176.42,53.47,128.32,1,-1,-1,-1
115,1466,352.13,180.38,42.65,120.77,1,-1,-1,-1
116,1525,245.78,211.58,29.10,81.20,1,-1,-1,-1
116,1524,516.80,193.64,39.54,101.80,1,-1,-1,-1
116,1522,175.74,203.71,36.80,113.14,1,-1,-1,-1
116,1519,201.71,199.86,36.81,107.55,1,-1,-1,-1
116,1507,60.31,190.10,43.29,103.74,1,-1,-1,-1
116,1501,130.43,171.99,46.05,133.30,1,-1,-1,-1
116,1469,296.48,176.56,53.61,128.49,1,-1,-1,-1
116,1466,354.10,181.06,43.93,121.59,1,-1,-1,-1
117,1525,243.21,217.44,30.06,78.94,1,-1,-1,-1
117,1522,170.57,205.20,37.25,108.63,1,-1,-1,-1
117,1519,201.04,200.18,37.00,113.71,1,-1,-1,-1
117,1507,51.98,187.27,42.95,105.98,1,-1,-1,-1
117,1501,127.00,168.15,46.87,132.56,1,-1,-1,-1
117,1469,296.63,175.92,54.55,131.48,1,-1,-1,-1
117,1466,350.50,184.05,45.58,120.20,1,-1,-1,-1
118,1526,539.59,175.89,45.62,122.04,1,-1,-1,-1
118,1525,241.85,217.83,30.49,79.79,1,-1,-1,-1
118,1522,166.39,207.92,37.25,109.17,1,-1,-1,-1
118,1519,193.64,200.48,39.90,117.61,1,-1,-1,-1
118,1507,46.55,189.63,44.95,105.99,1,-1,-1,-1
118,1501,116.67,167.24,48.96,132.29,1,-1,-1,-1
118,1469,297.50,177.34,55.02,131.66,1,-1,-1,-1
118,1466,349.81,184.43,45.97,119.55,1,-1,-1,-1
119,1526,539.82,183.34,45.03,115.21,1,-1,-1,-1
119,1525,238.29,213.98,32.85,86.17,1,-1,-1,-1
119,1522,165.35,215.18,37.33,109.43,1,-1,-1,-1
119,1519,189.77,201.30,42.11,119.50,1,-1,-1,-1
119,1501,115.58,165.38,49.13,135.60,1,-1,-1,-1
119,1469,296.81,175.00,55.75,132.93,1,-1,-1,-1
119,1466,346.38,185.34,46.34,121.95,1,-1,-1,-1
120,1526,517.88,185.21,67.32,126.17,1,-1,-1,-1
120,1525,236.27,216.16,32.15,86.68,1,-1,-1,-1
120,1522,157.91,220.25,37.19,105.54,1,-1,-1,-1
120,1519,188.85,206.66,40.05,118.18,1,-1,-1,-1
120,1501,110.05,166.68,49.16,138.23,1,-1,-1,-1
120,1469,290.22,179.56,55.91,133.45,1,-1,-1,-1
120,1466,341.74,178.87,43.94,121.90,1,-1,-1,-1
121,1526,506.81,188.26,76.47,123.07,1,-1,-1,-1
121,1525,231.22,214.01,33.22,89.97,1,-1,-1,-1
121,1522,145.82,217.54,36.58,107.51,1,-1,-1,-1
121,1519,185.64,210.38,38.44,118.22,1,-1,-1,-1
121,1501,95.12,166.99,50.39,147.91,1,-1,-1,-1
121,1469,289.36,177.33,55.74,135.20,1,-1,-1,-1
121,1466,341.10,178.23,43.61,125.02,1,-1,-1,-1
122,1525,221.13,211.79,32.15,92.99,1,-1,-1,-1
122,1522,133.70,216.70,38.31,110.78,1,-1,-1,-1
122,1519,173.97,211.78,38.79,123.45,1,-1,-1,-1
122,1507,12.44,199.70,39.17,116.25,1,-1,-1,-1
122,1501,82.54,165.85,48.54,149.85,1,-1,-1,-1
122,1469,282.40,173.34,54.51,136.60,1,-1,-1,-1
122,1466,332.73,183.30,42.09,126.28,1,-1,-1,-1
123,1525,210.44,213.29,33.39,96.29,1,-1,-1,-1
123,1522,118.93,217.75,40.52,113.11,1,-1,-1,-1
123,1519,162.77,212.34,37.49,122.95,1,-1,-1,-1
123,1501,67.46,157.79,49.32,158.73,1,-1,-1,-1
123,1469,273.26,175.14,53.15,136.70,1,-1,-1,-1
123,1466,320.99,181.76,44.07,128.46,1,-1,-1,-1
124,1525,198.91,212.45,35.06,99.82,1,-1,-1,-1
124,1522,102.83,220.38,41.83,112.92,1,-1,-1,-1
124,1519,148.18,210.67,37.87,127.61,1,-1,-1,-1
124,1501,50.72,151.61,47.93,162.96,1,-1,-1,-1
124,1469,265.83,178.14,52.29,133.79,1,-1,-1,-1
124,1466,312.16,171.26,45.80,124.24,1,-1,-1,-1
125,1525,189.74,211.84,35.17,102.87,1,-1,-1,-1
125,1522,91.63,222.16,43.93,116.92,1,-1,-1,-1
125,1519,138.54,186.64,43.51,140.07,1,-1,-1,-1
125,1501,36.76,144.49,52.99,172.08,1,-1,-1,-1
125,1469,257.29,178.60,52.24,134.00,1,-1,-1,-1
125,1466,304.94,175.47,45.88,126.59,1,-1,-1,-1
126,1525,188.22,208.62,37.06,107.23,1,-1,-1,-1
126,1522,83.78,223.36,47.20,120.50,1,-1,-1,-1
126,1519,131.74,190.79,48.32,149.26,1,-1,-1,-1
126,1501,28.16,147.13,55.05,177.01,1,-1,-1,-1
126,1469,259.09,180.63,52.87,129.91,1,-1,-1,-1
126,1466,305.78,178.64,44.86,128.39,1,-1,-1,-1
127,1525,180.18,200.19,39.26,118.91,1,-1,-1,-1
127,1522,79.70,217.55,45.58,121.65,1,-1,-1,-1
127,1501,20.35,140.03,58.07,189.97,1,-1,-1,-1
127,1469,259.10,178.29,53.92,133.19,1,-1,-1,-1
127,1466,304.96,191.01,41.68,124.41,1,-1,-1,-1
128,1525,179.29,192.13,39.31,125.12,1,-1,-1,-1
128,1522,67.63,216.35,46.93,126.87,1,-1,-1,-1
128,1501,14.92,138.21,60.34,195.69,1,-1,-1,-1
128,1469,254.88,177.85,53.02,131.63,1,-1,-1,-1
128,1466,306.77,187.47,42.93,125.18,1,-1,-1,-1
129,1529,582.76,202.34,38.66,120.85,1,-1,-1,-1
129,1525,175.66,192.81,42.27,131.30,1,-1,-1,-1
129,1522,60.55,210.53,46.17,134.92,1,-1,-1,-1
129,1501,10.51,133.87,65.97,211.67,1,-1,-1,-1
129,1469,257.24,176.81,53.69,128.54,1,-1,-1,-1
129,1466,304.87,184.48,42.97,130.36,1,-1,-1,-1
130,1529,583.05,207.40,39.65,115.92,1,-1,-1,-1
130,1525,172.15,193.58,44.01,134.52,1,-1,-1,-1
130,1522,52.24,205.17,46.17,140.04,1,-1,-1,-1
130,1501,6.62,163.43,61.57,196.44,1,-1,-1,-1
130,1469,253.27,176.64,52.94,131.30,1,-1,-1,-1
130,1466,302.47,185.49,42.91,129.50,1,-1,-1,-1
131,1529,585.71,216.54,41.25,115.66,1,-1,-1,-1
131,1525,165.27,191.82,46.70,138.52,1,-1,-1,-1
131,1522,47.54,213.78,51.59,138.09,1,-1,-1,-1
131,1501,4.26,182.55,59.98,184.30,1,-1,-1,-1
131,1469,256.58,176.94,53.60,131.99,1,-1,-1,-1
131,1466,302.56,181.48,41.85,133.26,1,-1,-1,-1
132,1531,3.07,123.81,53.83,96.02,1,-1,-1,-1
132,1529,591.86,224.72,38.45,107.70,1,-1,-1,-1
132,1525,160.33,185.42,44.88,143.20,1,-1,-1,-1
132,1522,43.55,213.69,53.51,141.37,1,-1,-1,-1
132,1501,2.77,149.31,63.60,207.68,1,-1,-1,-1
132,1469,252.34,171.56,54.47,135.89,1,-1,-1,-1
132,1466,303.54,174.62,40.46,135.61,1,-1,-1,-1
133,1531,-0.13,123.61,53.01,108.53,1,-1,-1,-1
133,1525,153.59,178.72,42.47,143.38,1,-1,-1,-1
133,1501,6.71,137.12,69.52,220.27,1,-1,-1,-1
133,1469,254.51,171.70,55.69,136.09,1,-1,-1,-1
133,1466,304.74,174.33,40.78,136.31,1,-1,-1,-1
134,1534,161.61,169.91,49.56,168.20,1,-1,-1,-1
134,1533,84.11,127.15,58.42,160.96,1,-1,-1,-1
134,1531,-0.38,121.94,49.76,115.05,1,-1,-1,-1
134,1469,255.62,171.53,55.05,135.12,1,-1,-1,-1
134,1466,304.60,176.09,40.85,137.61,1,-1,-1,-1
135,1534,156.25,167.84,49.80,165.78,1,-1,-1,-1
135,1469,254.46,173.88,56.01,135.25,1,-1,-1,-1
135,1466,304.83,176.81,40.63,135.29,1,-1,-1,-1
136,1534,152.06,159.64,53.83,174.41,1,-1,-1,-1
136,1469,254.48,172.80,57.23,138.34,1,-1,-1,-1
136,1466,304.70,175.78,42.07,132.89,1,-1,-1,-1
137,1534,154.64,169.65,53.16,174.36,1,-1,-1,-1
137,1469,253.86,173.11,56.74,140.71,1,-1,-1,-1
137,1466,305.45,173.68,43.04,134.77,1,-1,-1,-1
138,1534,141.37,179.01,53.76,179.42,1,-1,-1,-1
138,1469,250.08,172.09,55.51,140.71,1,-1,-1,-1
138,1466,304.82,174.97,46.27,135.76,1,-1,-1,-1
139,1534,140.16,176.41,54.77,182.19,1,-1,-1,-1
139,1469,248.28,173.93,54.41,136.88,1,-1,-1,-1
139,1466,305.05,176.21,47.52,134.64,1,-1,-1,-1
140,1534,139.74,186.84,55.69,180.69,1,-1,-1,-1
140,1469,244.92,175.10,56.68,130.08,1,-1,-1,-1
140,1466,303.47,176.12,49.58,129.58,1,-1,-1,-1
141,1537,-3.59,84.02,116.73,338.11,1,-1,-1,-1
141,1534,132.04,186.81,61.91,187.42,1,-1,-1,-1
141,1469,248.16,177.44,52.72,130.75,1,-1,-1,-1
141,1466,302.70,180.88,50.86,131.55,1,-1,-1,-1
142,1537,-4.99,91.94,108.84,346.16,1,-1,-1,-1
142,1534,122.35,170.74,69.62,207.14,1,-1,-1,-1
142,1469,247.86,180.73,55.49,137.16,1,-1,-1,-1
142,1466,302.23,185.04,50.91,131.82,1,-1,-1,-1
143,1537,-6.43,96.96,98.45,347.63,1,-1,-1,-1
143,1534,106.63,148.38,76.45,232.28,1,-1,-1,-1
143,1469,248.35,179.66,52.00,136.88,1,-1,-1,-1
143,1466,302.63,184.80,51.91,132.18,1,-1,-1,-1
144,1534,106.27,134.35,82.17,253.34,1,-1,-1,-1
144,1469,247.31,179.54,52.26,141.09,1,-1,-1,-1
144,1466,303.03,181.24,50.41,134.82,1,-1,-1,-1
145,1534,98.78,121.35,89.26,276.02,1,-1,-1,-1
145,1469,249.21,180.26,52.03,141.29,1,-1,-1,-1
145,1466,303.45,177.92,48.88,135.53,1,-1,-1,-1
146,1534,86.99,109.52,96.90,296.31,1,-1,-1,-1
146,1469,248.60,174.92,53.13,141.92,1,-1,-1,-1
146,1466,305.03,177.95,49.61,133.89,1,-1,-1,-1
147,1534,67.68,107.19,110.50,310.72,1,-1,-1,-1
147,1469,249.52,174.25,51.17,140.12,1,-1,-1,-1
147,1466,304.64,178.06,48.90,132.71,1,-1,-1,-1
148,1534,48.92,105.68,121.42,322.93,1,-1,-1,-1
148,1469,249.48,174.95,51.78,138.79,1,-1,-1,-1
148,1466,303.98,181.46,47.23,130.40,1,-1,-1,-1
149,1534,24.31,94.86,131.69,340.21,1,-1,-1,-1
149,1469,249.39,175.39,52.76,138.76,1,-1,-1,-1
149,1466,304.68,178.22,44.75,130.27,1,-1,-1,-1
150,1543,194.28,209.90,24.65,66.35,1,-1,-1,-1
150,1534,10.75,78.60,146.00,367.06,1,-1,-1,-1
150,1469,250.70,179.85,52.32,136.19,1,-1,-1,-1
150,1466,302.76,178.73,42.54,128.63,1,-1,-1,-1
151,1543,194.15,211.83,24.36,67.06,1,-1,-1,-1
151,1534,2.06,68.36,147.89,382.01,1,-1,-1,-1
151,1469,251.84,176.86,51.59,139.48,1,-1,-1,-1
151,1466,301.88,183.78,42.47,129.71,1,-1,-1,-1
152,1543,194.27,210.00,23.78,67.19,1,-1,-1,-1
152,1534,-2.26,55.85,151.55,404.62,1,-1,-1,-1
152,1469,251.92,173.40,51.82,139.83,1,-1,-1,-1
152,1466,305.65,182.58,42.40,129.50,1,-1,-1,-1
153,1543,188.61,202.82,25.56,72.37,1,-1,-1,-1
153,1534,-5.46,29.75,149.22,423.61,1,-1,-1,-1
153,1469,251.50,172.80,50.75,140.80,1,-1,-1,-1
153,1466,306.08,176.93,43.60,130.48,1,-1,-1,-1
154,1543,187.62,201.48,27.99,79.64,1,-1,-1,-1
154,1534,-7.95,40.39,141.59,429.54,1,-1,-1,-1
154,1469,249.29,174.61,52.37,140.26,1,-1,-1,-1
154,1466,304.88,181.19,45.07,129.94,1,-1,-1,-1
155,1545,152.86,202.92,29.83,80.07,1,-1,-1,-1
155,1543,183.44,199.29,30.11,83.35,1,-1,-1,-1
155,1534,-16.09,35.64,126.64,429.73,1,-1,-1,-1
155,1469,251.71,176.32,51.86,138.28,1,-1,-1,-1
155,1466,306.96,188.48,44.33,126.10,1,-1,-1,-1
156,1543,175.33,197.18,32.41,88.12,1,-1,-1,-1
156,1534,-18.02,55.53,113.66,417.16,1,-1,-1,-1
156,1469,252.23,179.48,51.33,135.32,1,-1,-1,-1
156,1466,303.81,186.54,44.48,124.73,1,-1,-1,-1
157,1543,176.01,199.83,35.43,91.25,1,-1,-1,-1
157,1469,252.66,184.30,51.22,133.75,1,-1,-1,-1
157,1466,301.99,188.60,44.19,124.53,1,-1,-1,-1
158,1547,475.75,166.65,47.11,152.51,1,-1,-1,-1
158,1543,177.81,196.36,35.34,96.35,1,-1,-1,-1
158,1469,253.94,184.54,51.39,137.04,1,-1,-1,-1
158,1466,302.95,195.44,45.84,124.89,1,-1,-1,-1
159,1549,62.80,223.80,40.73,62.42,1,-1,-1,-1
159,1548,112.56,185.97,35.73,104.40,1,-1,-1,-1
159,1547,476.82,167.05,49.59,163.35,1,-1,-1,-1
159,1543,176.38,191.06,42.87,106.37,1,-1,-1,-1
159,1469,254.75,183.28,50.45,140.81,1,-1,-1,-1
159,1466,308.13,194.86,47.72,128.61,1,-1,-1,-1
160,1549,59.05,228.80,40.72,60.44,1,-1,-1,-1
160,1548,115.39,180.21,39.74,115.01,1,-1,-1,-1
160,1547,472.43,173.80,52.40,155.96,1,-1,-1,-1
160,1469,251.58,181.91,51.19,141.84,1,-1,-1,-1
160,1466,307.74,196.62,48.70,131.76,1,-1,-1,-1
161,1549,57.64,227.27,40.68,59.97,1,-1,-1,-1
161,1548,115.50,179.16,39.16,111.98,1,-1,-1,-1
161,1469,250.73,182.52,52.33,139.75,1,-1,-1,-1
161,1466,310.72,195.81,48.83,128.30,1,-1,-1,-1
162,1549,51.56,230.89,38.47,57.80,1,-1,-1,-1
162,1548,110.62,179.68,41.80,114.87,1,-1,-1,-1
162,1469,254.08,177.09,52.14,140.11,1,-1,-1,-1
162,1466,312.32,193.03,48.58,128.24,1,-1,-1,-1
163,1548,108.06,172.59,42.68,120.47,1,-1,-1,-1
163,1469,250.72,173.40,53.16,139.64,1,-1,-1,-1
163,1466,310.20,186.46,46.40,126.29,1,-1,-1,-1
164,1551,17.75,224.71,32.43,60.02,1,-1,-1,-1
164,1548,107.92,177.39,43.49,124.70,1,-1,-1,-1
164,1469,254.75,175.30,55.20,141.82,1,-1,-1,-1
164,1466,310.49,181.84,44.68,128.83,1,-1,-1,-1
165,1552,58.87,226.71,36.94,66.56,1,-1,-1,-1
165,1551,20.61,227.56,33.67,58.94,1,-1,-1,-1
165,1548,107.70,181.13,43.75,121.77,1,-1,-1,-1
165,1469,252.92,180.63,54.97,141.39,1,-1,-1,-1
165,1466,311.25,184.94,43.78,129.67,1,-1,-1,-1
166,1552,58.16,229.94,38.11,67.81,1,-1,-1,-1
166,1551,26.95,232.56,34.59,61.15,1,-1,-1,-1
166,1548,108.24,180.96,43.34,119.27,1,-1,-1,-1
166,1469,256.50,179.02,55.30,143.40,1,-1,-1,-1
166,1466,316.67,179.31,44.00,129.30,1,-1,-1,-1
167,1553,169.86,200.91,47.41,101.91,1,-1,-1,-1
167,1552,58.29,228.07,38.61,67.69,1,-1,-1,-1
167,1551,26.76,227.88,33.03,59.79,1,-1,-1,-1
167,1548,105.99,182.59,44.82,120.51,1,-1,-1,-1
167,1469,257.16,176.72,56.87,146.47,1,-1,-1,-1
167,1466,318.86,186.26,44.71,125.31,1,-1,-1,-1
168,1553,174.46,194.86,48.38,104.06,1,-1,-1,-1
168,1552,57.45,223.26,40.61,68.12,1,-1,-1,-1
168,1551,22.06,232.38,34.24,60.76,1,-1,-1,-1
168,1548,104.17,182.44,45.79,121.02,1,-1,-1,-1
168,1469,259.73,176.80,55.47,145.31,1,-1,-1,-1
168,1466,319.06,188.37,46.23,122.71,1,-1,-1,-1
169,1553,174.68,200.49,44.22,96.12,1,-1,-1,-1
169,1552,53.57,220.76,42.76,68.30,1,-1,-1,-1
169,1548,102.15,176.08,47.92,123.14,1,-1,-1,-1
169,1469,259.36,177.41,54.71,142.02,1,-1,-1,-1
169,1466,318.42,183.50,46.51,123.81,1,-1,-1,-1
170,1553,169.58,199.30,44.03,98.94,1,-1,-1,-1
170,1552,51.99,221.69,41.37,67.53,1,-1,-1,-1
170,1548,96.25,175.12,51.15,129.11,1,-1,-1,-1
170,1469,257.97,174.94,58.20,139.15,1,-1,-1,-1
170,1466,315.40,175.35,46.76,119.35,1,-1,-1,-1
171,1553,168.58,197.83,43.82,98.85,1,-1,-1,-1
171,1552,49.19,214.73,43.26,68.31,1,-1,-1,-1
171,1548,91.31,172.67,54.84,134.31,1,-1,-1,-1
171,1469,253.99,173.38,57.58,139.22,1,-1,-1,-1
171,1466,314.12,171.17,46.74,114.58,1,-1,-1,-1
172,1553,166.45,191.76,43.53,101.28,1,-1,-1,-1
172,1552,47.69,219.16,39.97,68.46,1,-1,-1,-1
172,1548,78.58,169.12,66.77,138.09,1,-1,-1,-1
172,1469,253.68,174.49,56.23,139.89,1,-1,-1,-1
172,1466,315.18,175.79,46.89,116.34,1,-1,-1,-1
173,1553,165.62,193.82,42.21,102.98,1,-1,-1,-1
173,1552,41.05,221.26,41.54,66.88,1,-1,-1,-1
173,1548,74.13,172.50,73.71,143.36,1,-1,-1,-1
173,1469,255.51,170.40,54.56,137.63,1,-1,-1,-1
173,1466,315.31,175.26,48.47,120.84,1,-1,-1,-1
174,1553,165.76,189.59,42.27,107.55,1,-1,-1,-1
174,1548,66.77,177.40,78.72,141.39,1,-1,-1,-1
174,1469,254.58,174.81,54.51,136.43,1,-1,-1,-1
174,1466,314.26,177.12,49.70,123.78,1,-1,-1,-1
175,1555,596.47,199.20,32.42,86.77,1,-1,-1,-1
175,1553,162.02,181.68,42.71,108.42,1,-1,-1,-1
175,1548,67.67,169.77,78.11,147.71,1,-1,-1,-1
175,1469,253.01,175.15,55.13,136.89,1,-1,-1,-1
175,1466,313.44,177.16,49.42,127.47,1,-1,-1,-1
176,1553,159.24,183.65,44.08,111.09,1,-1,-1,-1
176,1548,62.87,161.74,76.75,148.00,1,-1,-1,-1
176,1469,253.00,170.90,54.14,136.23,1,-1,-1,-1
176,1466,313.86,176.61,49.33,130.60,1,-1,-1,-1
177,1553,154.32,178.60,45.72,114.34,1,-1,-1,-1
177,1548,53.88,155.62,81.50,141.74,1,-1,-1,-1
177,1469,255.71,173.95,53.77,134.23,1,-1,-1,-1
177,1466,315.26,177.93,48.01,131.42,1,-1,-1,-1
178,1553,152.45,177.61,46.16,123.78,1,-1,-1,-1
178,1548,48.75,154.35,75.20,144.14,1,-1,-1,-1
178,1469,261.76,170.45,53.04,132.88,1,-1,-1,-1
178,1466,313.85,177.43,48.32,134.17,1,-1,-1,-1
179,1553,150.03,173.89,47.76,135.43,1,-1,-1,-1
179,1548,44.70,155.52,73.96,151.99,1,-1,-1,-1
179,1469,262.99,169.07,53.28,137.91,1,-1,-1,-1
179,1466,312.53,176.19,49.54,136.06,1,-1,-1,-1
180,1553,148.61,176.42,50.24,140.16,1,-1,-1,-1
180,1548,39.22,148.26,67.61,148.81,1,-1,-1,-1
180,1469,263.22,169.54,52.07,137.44,1,-1,-1,-1
180,1466,311.98,175.29,48.83,134.44,1,-1,-1,-1
181,1559,211.59,199.60,23.04,72.19,1,-1,-1,-1
181,1558,105.55,167.36,37.14,118.66,1,-1,-1,-1
181,1553,146.86,171.06,50.93,143.91,1,-1,-1,-1
181,1548,31.19,142.50,69.47,146.35,1,-1,-1,-1
181,1469,261.91,169.34,51.86,137.93,1,-1,-1,-1
181,1466,313.12,169.99,48.89,135.87,1,-1,-1,-1
182,1558,99.26,155.79,39.93,128.81,1,-1,-1,-1
182,1553,141.65,167.92,53.88,145.97,1,-1,-1,-1
182,1548,22.32,147.29,73.31,164.68,1,-1,-1,-1
182,1469,261.46,172.17,56.05,138.00,1,-1,-1,-1
182,1466,313.64,169.99,47.59,135.53,1,-1,-1,-1
183,1558,96.49,158.11,41.24,138.51,1,-1,-1,-1
183,1553,142.42,167.66,55.49,148.80,1,-1,-1,-1
183,1548,12.18,149.52,74.04,177.38,1,-1,-1,-1
183,1469,257.94,170.50,55.53,140.78,1,-1,-1,-1
183,1466,319.09,171.57,48.46,136.04,1,-1,-1,-1
184,1558,92.16,145.08,39.38,129.04,1,-1,-1,-1
184,1553,141.31,166.33,56.59,155.41,1,-1,-1,-1
184,1548,12.08,162.06,67.59,178.91,1,-1,-1,-1
184,1469,262.79,170.00,56.80,144.25,1,-1,-1,-1
184,1466,318.34,170.43,47.64,136.85,1,-1,-1,-1
185,1558,82.73,141.01,45.00,123.24,1,-1,-1,-1
185,1553,136.75,167.45,57.15,164.83,1,-1,-1,-1
185,1548,6.16,143.08,68.97,198.97,1,-1,-1,-1
185,1469,262.42,170.75,57.72,142.36,1,-1,-1,-1
185,1466,315.02,174.30,47.21,138.73,1,-1,-1,-1
186,1558,72.60,139.19,44.66,124.39,1,-1,-1,-1
186,1553,139.02,168.50,55.57,167.91,1,-1,-1,-1
186,1548,0.85,127.79,68.09,216.02,1,-1,-1,-1
186,1469,261.96,170.24,54.77,141.97,1,-1,-1,-1
186,1466,312.39,179.88,46.58,137.04,1,-1,-1,-1
187,1558,80.52,136.41,46.56,130.19,1,-1,-1,-1
187,1553,137.86,160.08,57.85,168.75,1,-1,-1,-1
187,1548,-2.75,120.41,67.49,229.83,1,-1,-1,-1
187,1469,263.88,166.76,53.99,141.69,1,-1,-1,-1
187,1466,313.70,176.63,46.58,136.78,1,-1,-1,-1
188,1558,75.57,144.91,47.28,138.80,1,-1,-1,-1
188,1553,134.94,159.37,60.43,176.31,1,-1,-1,-1
188,1548,-5.18,103.83,63.83,210.96,1,-1,-1,-1
188,1469,264.49,168.25,52.39,143.25,1,-1,-1,-1
188,1466,317.87,171.61,46.72,137.93,1,-1,-1,-1
189,1558,79.51,138.39,46.64,144.18,1,-1,-1,-1
189,1553,128.62,157.56,65.11,183.85,1,-1,-1,-1
189,1548,-4.43,96.20,59.57,200.58,1,-1,-1,-1
189,1469,264.00,164.48,54.92,147.25,1,-1,-1,-1
189,1466,321.17,173.37,48.54,135.09,1,-1,-1,-1
190,1558,71.47,127.39,46.95,129.33,1,-1,-1,-1
190,1553,128.49,155.64,66.25,193.65,1,-1,-1,-1
190,1548,-5.52,107.19,52.75,186.31,1,-1,-1,-1
190,1469,263.31,168.71,52.35,147.54,1,-1,-1,-1
190,1466,320.48,171.27,50.39,137.17,1,-1,-1,-1
191,1558,60.04,114.00,47.53,109.05,1,-1,-1,-1
191,1553,127.18,146.38,67.46,199.63,1,-1,-1,-1
191,1469,262.18,170.07,53.64,151.83,1,-1,-1,-1
191,1466,319.34,175.29,51.92,137.08,1,-1,-1,-1
192,1553,115.28,142.83,75.65,219.53,1,-1,-1,-1
192,1469,263.43,171.42,53.67,154.12,1,-1,-1,-1
192,1466,317.78,175.79,52.96,140.91,1,-1,-1,-1
193,1553,113.46,147.52,73.73,226.54,1,-1,-1,-1
193,1469,265.31,172.19,53.08,153.61,1,-1,-1,-1
193,1466,321.43,178.09,54.82,140.06,1,-1,-1,-1
194,1553,108.60,138.36,81.80,250.25,1,-1,-1,-1
194,1469,269.44,171.98,52.60,154.83,1,-1,-1,-1
194,1466,321.16,179.90,54.40,139.26,1,-1,-1,-1
195,1564,1.03,85.91,98.44,305.77,1,-1,-1,-1
195,1561,207.91,219.95,25.29,62.43,1,-1,-1,-1
195,1553,98.87,132.90,88.96,268.70,1,-1,-1,-1
195,1469,271.44,172.86,52.94,153.44,1,-1,-1,-1
195,1466,320.40,170.23,57.26,140.20,1,-1,-1,-1
196,1564,-1.42,93.41,84.94,288.66,1,-1,-1,-1
196,1561,205.47,218.37,27.44,62.47,1,-1,-1,-1
196,1553,90.63,121.08,96.41,285.94,1,-1,-1,-1
196,1469,271.63,170.81,53.46,148.58,1,-1,-1,-1
196,1466,318.26,170.36,55.36,138.13,1,-1,-1,-1
197,1564,5.71,85.30,70.99,233.11,1,-1,-1,-1
197,1561,209.01,218.98,27.31,64.25,1,-1,-1,-1
197,1553,78.45,108.79,104.36,305.93,1,-1,-1,-1
197,1469,271.78,170.46,54.19,144.62,1,-1,-1,-1
197,1466,317.11,165.87,52.58,139.16,1,-1,-1,-1
198,1561,205.90,219.24,28.25,64.55,1,-1,-1,-1
198,1553,62.51,93.33,112.64,338.23,1,-1,-1,-1
198,1469,270.99,169.98,55.94,144.85,1,-1,-1,-1
198,1466,314.35,165.70,49.06,137.63,1,-1,-1,-1
199,1561,203.73,218.04,29.45,66.73,1,-1,-1,-1
199,1553,51.46,85.29,117.29,353.69,1,-1,-1,-1
199,1469,270.70,175.74,56.62,146.57,1,-1,-1,-1
199,1466,315.48,173.48,46.97,136.78,1,-1,-1,-1
200,1561,206.36,220.52,29.60,66.16,1,-1,-1,-1
200,1553,31.95,76.15,130.84,376.24,1,-1,-1,-1
200,1469,270.34,176.47,58.37,147.25,1,-1,-1,-1
200,1466,318.23,178.22,50.92,137.84,1,-1,-1,-1
201,1561,208.53,219.81,30.18,67.59,1,-1,-1,-1
201,1553,15.41,62.44,143.16,398.61,1,-1,-1,-1
201,1469,271.48,176.07,57.94,146.62,1,-1,-1,-1
201,1466,318.88,180.03,51.58,138.89,1,-1,-1,-1
202,1561,209.84,220.98,29.62,66.87,1,-1,-1,-1
202,1553,3.81,48.21,146.81,417.07,1,-1,-1,-1
202,1469,266.85,178.65,58.20,144.80,1,-1,-1,-1
202,1466,317.69,177.03,51.76,138.95,1,-1,-1,-1
203,1567,197.74,219.88,28.00,62.21,1,-1,-1,-1
203,1561,214.26,222.29,28.55,66.47,1,-1,-1,-1
203,1553,-1.88,40.94,139.62,421.59,1,-1,-1,-1
203,1469,264.59,178.64,57.48,143.49,1,-1,-1,-1
203,1466,320.47,180.71,53.63,136.67,1,-1,-1,-1
204,1567,194.34,212.60,29.60,66.56,1,-1,-1,-1
204,1561,213.99,220.28,28.87,66.66,1,-1,-1,-1
204,1553,-6.07,24.79,129.23,399.31,1,-1,-1,-1
204,1469,264.85,178.80,55.84,141.80,1,-1,-1,-1
204,1466,319.61,174.63,55.84,138.61,1,-1,-1,-1
205,1561,207.58,217.43,30.97,69.78,1,-1,-1,-1
205,1469,269.54,175.88,55.63,141.92,1,-1,-1,-1
205,1466,322.29,169.51,53.63,142.30,1,-1,-1,-1
206,1568,107.27,165.49,52.00,128.06,1,-1,-1,-1
206,1469,270.81,172.43,54.05,138.06,1,-1,-1,-1
206,1466,322.96,171.51,52.86,139.55,1,-1,-1,-1
207,1568,108.72,166.18,49.31,123.14,1,-1,-1,-1
207,1469,270.23,171.73,53.54,138.26,1,-1,-1,-1
207,1466,322.22,175.56,56.16,131.63,1,-1,-1,-1
208,1569,31.57,146.00,56.81,181.91,1,-1,-1,-1
208,1568,94.93,164.00,55.37,127.82,1,-1,-1,-1
208,1567,195.25,212.11,32.04,74.31,1,-1,-1,-1
208,1469,270.77,172.58,51.45,137.14,1,-1,-1,-1
208,1466,321.77,178.76,59.24,125.69,1,-1,-1,-1
209,1569,20.24,142.50,61.71,193.18,1,-1,-1,-1
209,1568,89.17,165.10,59.78,138.51,1,-1,-1,-1
209,1567,195.26,215.62,32.65,73.55,1,-1,-1,-1
209,1469,273.02,178.80,49.42,136.94,1,-1,-1,-1
209,1466,318.04,179.77,60.45,126.55,1,-1,-1,-1
210,1569,20.84,140.61,61.36,191.47,1,-1,-1,-1
210,1568,85.29,162.56,62.06,148.56,1,-1,-1,-1
210,1567,195.06,217.64,32.67,73.37,1,-1,-1,-1
210,1469,275.09,182.95,48.44,137.68,1,-1,-1,-1
210,1466,317.08,181.04,63.08,132.09,1,-1,-1,-1
211,1569,15.24,131.74,59.51,175.46,1,-1,-1,-1
211,1568,79.25,156.77,69.17,156.62,1,-1,-1,-1
211,1567,189.38,214.88,33.25,73.91,1,-1,-1,-1
211,1469,273.43,179.05,48.77,139.24,1,-1,-1,-1
211,1466,317.99,180.53,59.79,134.53,1,-1,-1,-1
212,1569,10.26,123.39,59.53,164.09,1,-1,-1,-1
212,1568,68.52,165.64,68.99,170.63,1,-1,-1,-1
212,1567,188.06,212.93,32.86,73.14,1,-1,-1,-1
212,1469,277.08,177.80,49.57,135.43,1,-1,-1,-1
212,1466,320.70,185.80,59.25,131.05,1,-1,-1,-1
213,1575,221.53,207.57,26.49,76.84,1,-1,-1,-1
213,1572,158.39,205.06,24.36,76.22,1,-1,-1,-1
213,1569,4.06,122.87,57.94,158.73,1,-1,-1,-1
213,1568,70.63,145.68,66.26,177.81,1,-1,-1,-1
213,1567,187.98,210.64,34.31,74.65,1,-1,-1,-1
213,1469,280.15,177.19,49.50,134.19,1,-1,-1,-1
213,1466,326.95,183.83,56.44,131.07,1,-1,-1,-1
214,1575,219.46,211.59,27.68,76.39,1,-1,-1,-1
214,1572,157.65,202.64,25.09,78.00,1,-1,-1,-1
214,1569,6.26,119.56,58.13,151.38,1,-1,-1,-1
214,1568,56.88,126.64,73.61,175.61,1,-1,-1,-1
214,1567,184.97,207.77,33.40,73.43,1,-1,-1,-1
214,1469,282.54,177.27,48.85,135.11,1,-1,-1,-1
214,1466,322.80,183.63,55.63,129.72,1,-1,-1,-1
215,1575,220.12,211.42,29.38,75.63,1,-1,-1,-1
215,1572,157.43,206.09,25.95,77.03,1,-1,-1,-1
215,1569,5.32,117.84,57.55,150.20,1,-1,-1,-1
215,1568,45.31,122.71,79.79,185.44,1,-1,-1,-1
215,1567,183.77,208.52,33.12,75.18,1,-1,-1,-1
215,1469,279.29,173.60,49.00,140.59,1,-1,-1,-1
215,1466,323.96,178.94,53.08,129.62,1,-1,-1,-1
216,1577,536.84,164.96,56.04,126.52,1,-1,-1,-1
216,1575,220.60,214.69,29.40,74.51,1,-1,-1,-1
216,1572,154.78,207.32,28.29,77.69,1,-1,-1,-1
216,1569,-0.25,111.45,52.43,140.78,1,-1,-1,-1
216,1568,28.13,125.37,91.66,217.55,1,-1,-1,-1
216,1567,182.33,204.65,35.53,79.62,1,-1,-1,-1
216,1469,281.95,173.52,49.77,144.29,1,-1,-1,-1
216,1466,331.55,181.03,52.12,130.86,1,-1,-1,-1
217,1577,543.24,166.22,61.70,130.16,1,-1,-1,-1
217,1575,220.16,216.14,28.82,73.16,1,-1,-1,-1
217,1572,152.57,207.81,31.14,79.97,1,-1,-1,-1
217,1568,17.28,111.09,100.06,205.99,1,-1,-1,-1
217,1567,181.33,207.07,35.07,81.63,1,-1,-1,-1
217,1469,283.33,172.28,51.36,145.90,1,-1,-1,-1
217,1466,331.47,181.64,50.47,133.74,1,-1,-1,-1
218,1577,550.82,165.81,61.97,136.21,1,-1,-1,-1
218,1575,221.65,215.57,31.41,78.09,1,-1,-1,-1
218,1572,151.45,206.66,32.12,82.21,1,-1,-1,-1
218,1568,4.34,123.99,102.81,236.37,1,-1,-1,-1
218,1567,182.34,212.21,34.01,81.05,1,-1,-1,-1
218,1469,286.10,175.31,52.37,147.62,1,-1,-1,-1
218,1466,332.48,184.02,50.19,133.95,1,-1,-1,-1
219,1577,554.30,159.49,68.23,137.49,1,-1,-1,-1
219,1575,224.95,212.88,32.37,77.60,1,-1,-1,-1
219,1572,152.24,204.68,31.71,84.22,1,-1,-1,-1
219,1568,-2.27,117.72,104.56,263.63,1,-1,-1,-1
219,1567,190.32,205.30,32.18,81.08,1,-1,-1,-1
219,1469,286.70,176.04,50.79,147.85,1,-1,-1,-1
219,1466,336.08,184.31,52.17,130.72,1,-1,-1,-1
220,1579,2.50,102.64,61.81,125.36,1,-1,-1,-1
220,1577,557.17,157.13,69.27,141.07,1,-1,-1,-1
220,1575,225.28,214.75,31.86,77.58,1,-1,-1,-1
220,1572,154.72,204.81,31.32,80.86,1,-1,-1,-1
220,1568,-8.43,120.23,100.28,285.91,1,-1,-1,-1
220,1567,187.18,205.13,31.05,82.06,1,-1,-1,-1
220,1469,285.69,175.65,49.27,146.53,1,-1,-1,-1
220,1466,336.96,186.44,48.93,132.84,1,-1,-1,-1
221,1577,565.75,153.67,64.48,138.86,1,-1,-1,-1
221,1575,222.63,219.14,30.22,77.06,1,-1,-1,-1
221,1572,151.95,204.57,31.62,80.66,1,-1,-1,-1
221,1568,-5.76,116.69,91.78,267.64,1,-1,-1,-1
221,1567,184.47,202.01,31.39,85.08,1,-1,-1,-1
221,1469,281.45,178.38,49.92,147.32,1,-1,-1,-1
221,1466,337.11,183.77,48.09,134.64,1,-1,-1,-1
222,1577,570.47,156.46,62.70,137.96,1,-1,-1,-1
222,1575,222.65,214.70,29.50,75.39,1,-1,-1,-1
222,1572,147.48,202.32,33.41,82.47,1,-1,-1,-1
222,1568,-7.21,117.11,84.95,242.73,1,-1,-1,-1
222,1567,183.30,203.09,31.03,86.85,1,-1,-1,-1
222,1469,284.54,174.93,51.40,145.82,1,-1,-1,-1
222,1466,333.65,178.96,47.84,138.46,1,-1,-1,-1
223,1577,576.24,155.47,60.32,136.54,1,-1,-1,-1
223,1575,222.47,212.46,30.04,79.72,1,-1,-1,-1
223,1572,145.81,205.49,32.33,83.07,1,-1,-1,-1
223,1568,-10.48,101.93,76.79,218.48,1,-1,-1,-1
223,1567,182.95,201.51,33.49,88.55,1,-1,-1,-1
223,1469,284.55,164.45,54.77,135.94,1,-1,-1,-1
223,1466,341.53,175.72,44.98,141.19,1,-1,-1,-1
224,1577,580.20,158.26,58.70,135.96,1,-1,-1,-1
224,1575,219.97,212.69,34.07,85.93,1,-1,-1,-1
224,1572,143.20,207.58,32.21,86.08,1,-1,-1,-1
224,1568,-9.01,86.02,69.95,201.37,1,-1,-1,-1
224,1567,181.58,199.14,33.41,92.58,1,-1,-1,-1
224,1469,286.19,169.67,54.16,134.69,1,-1,-1,-1
224,1466,341.01,176.56,48.15,136.59,1,-1,-1,-1
225,1577,581.86,157.02,58.16,137.35,1,-1,-1,-1
225,1575,211.63,210.57,36.08,87.63,1,-1,-1,-1
225,1572,138.29,204.23,32.57,86.27,1,-1,-1,-1
225,1567,185.54,199.00,33.86,95.84,1,-1,-1,-1
225,1469,286.42,172.47,51.23,136.00,1,-1,-1,-1
225,1466,338.74,177.50,49.27,138.52,1,-1,-1,-1
226,1577,587.66,159.60,55.51,139.88,1,-1,-1,-1
226,1575,208.21,209.13,37.85,88.53,1,-1,-1,-1
226,1572,135.63,201.31,34.39,91.78,1,-1,-1,-1
226,1469,286.63,175.46,52.80,136.38,1,-1,-1,-1
226,1466,336.90,178.62,49.19,137.00,1,-1,-1,-1
227,1577,590.49,157.60,52.11,137.39,1,-1,-1,-1
227,1575,206.87,210.71,37.84,89.84,1,-1,-1,-1
227,1572,131.55,205.01,34.46,93.88,1,-1,-1,-1
227,1469,282.54,171.89,57.32,129.90,1,-1,-1,-1
227,1466,338.25,176.92,49.38,137.65,1,-1,-1,-1
228,1577,597.38,157.78,47.35,132.72,1,-1,-1,-1
228,1575,204.50,210.11,36.97,92.32,1,-1,-1,-1
228,1572,127.57,197.28,34.69,100.20,1,-1,-1,-1
228,1469,283.64,173.20,54.62,130.74,1,-1,-1,-1
228,1466,337.77,182.99,49.69,133.97,1,-1,-1,-1
229,1575,199.66,208.57,36.02,93.84,1,-1,-1,-1
229,1572,125.07,197.65,35.44,102.13,1,-1,-1,-1
229,1567,167.46,195.65,38.39,104.60,1,-1,-1,-1
229,1469,283.45,173.34,52.49,131.72,1,-1,-1,-1
229,1466,339.13,180.06,48.88,131.75,1,-1,-1,-1
230,1575,199.29,206.19,36.14,95.57,1,-1,-1,-1
230,1572,120.15,198.89,35.87,102.79,1,-1,-1,-1
230,1567,161.26,192.59,36.28,105.00,1,-1,-1,-1
230,1469,289.75,176.77,51.39,130.27,1,-1,-1,-1
230,1466,338.50,181.72,46.47,130.58,1,-1,-1,-1
231,1585,234.10,199.62,27.43,100.64,1,-1,-1,-1
231,1584,58.85,232.00,17.50,35.63,1,-1,-1,-1
231,1575,193.13,202.95,36.36,98.27,1,-1,-1,-1
231,1572,118.10,194.99,36.66,104.84,1,-1,-1,-1
231,1567,158.09,192.60,35.80,105.43,1,-1,-1,-1
231,1469,290.42,174.06,51.63,134.20,1,-1,-1,-1
231,1466,339.29,176.74,46.13,131.19,1,-1,-1,-1
232,1585,232.53,213.24,26.90,93.48,1,-1,-1,-1
232,1575,194.14,205.26,35.61,98.18,1,-1,-1,-1
232,1572,111.20,192.69,38.11,110.79,1,-1,-1,-1
232,1567,154.23,192.37,35.39,109.48,1,-1,-1,-1
232,1469,294.60,177.07,50.22,134.54,1,-1,-1,-1
232,1466,339.57,176.37,44.29,134.43,1,-1,-1,-1
233,1585,231.35,218.64,27.32,91.80,1,-1,-1,-1
233,1575,185.96,203.82,36.93,101.22,1,-1,-1,-1
233,1572,107.45,192.44,38.43,111.23,1,-1,-1,-1
233,1469,293.67,176.85,50.17,137.95,1,-1,-1,-1
233,1466,339.11,176.54,44.51,137.33,1,-1,-1,-1
234,1585,229.48,212.98,30.24,99.47,1,-1,-1,-1
234,1575,182.77,201.42,37.91,104.57,1,-1,-1,-1
234,1572,107.58,186.31,36.45,108.08,1,-1,-1,-1
234,1469,292.64,173.19,50.57,142.09,1,-1,-1,-1
234,1466,339.62,178.41,46.79,141.88,1,-1,-1,-1
235,1585,233.19,213.66,30.34,101.72,1,-1,-1,-1
235,1575,181.79,202.36,39.38,109.40,1,-1,-1,-1
235,1572,99.67,185.26,37.77,109.63,1,-1,-1,-1
235,1469,292.15,176.40,49.36,143.96,1,-1,-1,-1
235,1466,340.98,180.36,46.87,141.02,1,-1,-1,-1
236,1587,47.54,218.17,27.15,58.51,1,-1,-1,-1
236,1585,231.01,214.30,32.53,101.00,1,-1,-1,-1
236,1575,180.36,202.65,39.98,110.75,1,-1,-1,-1
236,1572,92.87,188.47,41.96,113.52,1,-1,-1,-1
236,1469,292.88,175.12,49.42,146.57,1,-1,-1,-1
236,1466,340.66,181.90,44.95,142.95,1,-1,-1,-1
237,1585,228.04,215.82,33.89,99.99,1,-1,-1,-1
237,1575,178.78,204.83,39.87,111.76,1,-1,-1,-1
237,1572,86.83,190.42,42.66,117.36,1,-1,-1,-1
237,1469,294.41,176.39,48.85,148.11,1,-1,-1,-1
237,1466,340.21,181.37,43.59,144.01,1,-1,-1,-1
238,1589,139.95,196.94,35.01,112.91,1,-1,-1,-1
238,1585,225.19,203.75,37.01,110.74,1,-1,-1,-1
238,1575,173.94,204.36,40.08,114.78,1,-1,-1,-1
238,1572,83.26,193.08,45.34,120.05,1,-1,-1,-1
238,1469,288.53,174.24,50.91,144.08,1,-1,-1,-1
238,1466,339.38,177.53,41.30,142.25,1,-1,-1,-1
239,1589,135.71,197.88,35.26,112.02,1,-1,-1,-1
239,1585,224.51,198.51,36.96,115.46,1,-1,-1,-1
239,1575,172.36,199.61,40.54,118.87,1,-1,-1,-1
239,1572,74.08,187.03,48.54,125.71,1,-1,-1,-1
239,1469,285.31,169.06,52.54,137.12,1,-1,-1,-1
239,1466,339.42,176.43,40.46,138.05,1,-1,-1,-1
240,1589,130.93,195.40,37.61,120.12,1,-1,-1,-1
240,1585,224.49,200.12,37.54,114.98,1,-1,-1,-1
240,1575,168.12,194.01,41.93,124.57,1,-1,-1,-1
240,1572,68.74,182.32,53.06,132.17,1,-1,-1,-1
240,1469,286.48,165.59,53.93,135.57,1,-1,-1,-1
240,1466,340.22,174.30,39.96,135.31,1,-1,-1,-1
241,1589,126.03,186.79,39.00,125.60,1,-1,-1,-1
241,1585,223.75,199.06,38.20,118.67,1,-1,-1,-1
241,1575,162.41,191.59,41.04,128.92,1,-1,-1,-1
241,1572,63.86,179.96,54.84,132.98,1,-1,-1,-1
241,1469,283.50,173.17,54.24,134.95,1,-1,-1,-1
241,1466,338.35,181.69,40.75,134.82,1,-1,-1,-1
242,1589,121.60,185.47,40.16,128.52,1,-1,-1,-1
242,1585,218.86,204.28,38.51,116.19,1,-1,-1,-1
242,1575,162.33,188.91,40.75,128.78,1,-1,-1,-1
242,1572,58.49,180.49,52.19,134.90,1,-1,-1,-1
242,1469,281.85,176.25,53.43,133.71,1,-1,-1,-1
242,1466,341.81,183.14,41.20,134.33,1,-1,-1,-1
243,1589,121.91,182.62,42.28,131.93,1,-1,-1,-1
243,1585,217.69,201.78,39.74,120.14,1,-1,-1,-1
243,1575,159.99,185.92,40.64,129.11,1,-1,-1,-1
243,1572,50.74,180.06,50.39,136.06,1,-1,-1,-1
243,1469,282.80,181.28,53.36,137.69,1,-1,-1,-1
243,1466,343.59,179.27,42.50,133.20,1,-1,-1,-1
244,1589,115.04,187.51,45.14,142.13,1,-1,-1,-1
244,1585,216.53,206.36,39.52,116.63,1,-1,-1,-1
244,1575,154.01,195.71,42.78,135.98,1,-1,-1,-1
244,1572,43.24,185.79,55.16,139.15,1,-1,-1,-1
244,1469,285.33,181.67,53.59,139.54,1,-1,-1,-1
244,1466,334.84,186.60,44.21,140.07,1,-1,-1,-1
245,1589,108.26,188.31,46.41,147.59,1,-1,-1,-1
245,1585,214.61,201.86,38.70,119.52,1,-1,-1,-1
245,1575,140.76,192.32,46.90,138.66,1,-1,-1,-1
245,1572,29.03,182.98,52.91,137.61,1,-1,-1,-1
245,1469,283.72,181.19,52.76,138.61,1,-1,-1,-1
245,1466,332.28,186.19,45.57,143.61,1,-1,-1,-1
246,1592,417.57,184.03,37.34,133.67,1,-1,-1,-1
246,1589,102.64,177.31,46.85,149.72,1,-1,-1,-1
246,1585,211.96,200.57,37.79,122.71,1,-1,-1,-1
246,1575,136.53,190.63,51.49,146.04,1,-1,-1,-1
246,1572,16.68,176.90,51.70,135.46,1,-1,-1,-1
246,1469,289.08,181.82,52.22,137.37,1,-1,-1,-1
246,1466,331.22,187.91,46.37,142.36,1,-1,-1,-1
247,1592,422.20,186.00,37.66,125.85,1,-1,-1,-1
247,1589,97.69,173.14,52.67,163.91,1,-1,-1,-1
247,1585,208.31,196.94,40.44,131.04,1,-1,-1,-1
247,1575,135.40,193.61,50.18,149.68,1,-1,-1,-1
247,1572,5.94,182.60,52.17,136.64,1,-1,-1,-1
247,1469,290.46,179.41,50.08,138.84,1,-1,-1,-1
247,1466,332.86,182.89,45.34,144.51,1,-1,-1,-1
248,1592,418.65,170.18,45.17,145.30,1,-1,-1,-1
248,1589,93.70,165.32,58.90,167.56,1,-1,-1,-1
248,1585,204.14,189.90,44.74,142.50,1,-1,-1,-1
248,1575,137.21,194.85,48.53,150.71,1,-1,-1,-1
248,1572,4.66,188.88,51.42,137.81,1,-1,-1,-1
248,1469,290.14,174.67,50.32,140.37,1,-1,-1,-1
248,1466,334.48,175.89,42.72,140.62,1,-1,-1,-1
249,1592,422.84,172.52,43.95,144.45,1,-1,-1,-1
249,1589,83.81,163.15,61.93,172.88,1,-1,-1,-1
249,1585,203.02,185.66,45.23,148.21,1,-1,-1,-1
249,1572,9.81,186.13,50.24,137.29,1,-1,-1,-1
249,1469,288.61,176.11,49.42,140.84,1,-1,-1,-1
249,1466,334.03,177.83,41.76,138.62,1,-1,-1,-1
250,1592,426.92,181.86,40.64,132.70,1,-1,-1,-1
250,1589,76.59,161.19,73.88,184.39,1,-1,-1,-1
250,1585,200.20,196.98,44.60,142.04,1,-1,-1,-1
250,1572,9.55,179.26,47.65,136.29,1,-1,-1,-1
250,1469,286.18,175.29,52.28,145.10,1,-1,-1,-1
250,1466,336.48,179.20,40.84,139.52,1,-1,-1,-1
251,1594,116.13,163.39,44.20,104.11,1,-1,-1,-1
251,1592,430.80,186.24,38.13,125.26,1,-1,-1,-1
251,1589,66.66,155.74,81.53,197.12,1,-1,-1,-1
251,1585,194.40,188.29,46.03,151.37,1,-1,-1,-1
251,1572,4.39,173.51,43.49,126.94,1,-1,-1,-1
251,1469,285.27,173.69,54.19,144.07,1,-1,-1,-1
251,1466,336.87,182.02,40.79,137.21,1,-1,-1,-1
252,1594,103.63,157.02,45.51,100.05,1,-1,-1,-1
252,1592,432.40,190.94,36.01,119.36,1,-1,-1,-1
252,1589,73.38,156.89,83.84,200.80,1,-1,-1,-1
252,1585,190.00,182.74,48.89,165.21,1,-1,-1,-1
252,1469,283.41,180.83,53.77,144.12,1,-1,-1,-1
252,1466,339.60,183.82,40.23,139.01,1,-1,-1,-1
253,1594,96.96,150.65,48.20,105.09,1,-1,-1,-1
253,1589,45.99,148.31,89.65,209.90,1,-1,-1,-1
253,1585,189.97,173.76,50.43,166.60,1,-1,-1,-1
253,1469,284.18,182.27,53.31,143.54,1,-1,-1,-1
253,1466,338.36,181.87,39.99,141.05,1,-1,-1,-1
254,1594,88.72,150.47,49.99,108.19,1,-1,-1,-1
254,1589,39.31,139.51,96.51,222.69,1,-1,-1,-1
254,1585,187.54,171.52,52.06,168.26,1,-1,-1,-1
254,1469,284.28,182.29,51.95,145.04,1,-1,-1,-1
254,1466,336.18,182.29,40.61,137.91,1,-1,-1,-1
255,1594,71.77,148.84,60.74,120.91,1,-1,-1,-1
255,1589,19.15,133.53,99.84,233.65,1,-1,-1,-1
255,1585,181.91,165.17,56.74,174.81,1,-1,-1,-1
255,1469,283.24,179.52,53.30,144.24,1,-1,-1,-1
255,1466,334.67,181.89,40.23,137.36,1,-1,-1,-1
256,1596,3.15,126.20,45.89,67.49,1,-1,-1,-1
256,1594,61.88,148.87,69.16,133.87,1,-1,-1,-1
256,1589,11.56,135.51,100.27,236.25,1,-1,-1,-1
256,1585,181.90,162.85,57.23,174.27,1,-1,-1,-1
256,1469,282.19,177.82,51.61,146.91,1,-1,-1,-1
256,1466,333.49,186.34,40.15,135.33,1,-1,-1,-1
257,1596,-2.56,122.85,45.54,69.08,1,-1,-1,-1
257,1594,53.68,144.25,69.98,141.80,1,-1,-1,-1
257,1589,-3.06,133.21,89.22,232.44,1,-1,-1,-1
257,1585,177.09,162.23,54.22,177.99,1,-1,-1,-1
257,1469,283.63,172.85,53.93,148.04,1,-1,-1,-1
257,1466,333.30,178.06,41.01,136.04,1,-1,-1,-1
258,1594,47.31,138.77,68.61,140.13,1,-1,-1,-1
258,1589,-5.88,132.44,81.55,222.22,1,-1,-1,-1
258,1585,174.02,164.99,53.09,178.41,1,-1,-1,-1
258,1469,284.21,175.12,54.62,148.66,1,-1,-1,-1
258,1466,333.19,177.34,40.76,136.37,1,-1,-1,-1
259,1594,39.86,137.49,72.32,139.48,1,-1,-1,-1
259,1585,169.21,165.89,58.05,177.89,1,-1,-1,-1
259,1469,283.80,177.91,53.19,149.26,1,-1,-1,-1
259,1466,330.77,178.14,42.63,134.01,1,-1,-1,-1
260,1594,33.94,137.95,68.88,135.51,1,-1,-1,-1
260,1585,164.93,165.42,58.05,181.09,1,-1,-1,-1
260,1469,283.35,182.90,52.86,147.79,1,-1,-1,-1
260,1466,329.92,182.16,42.58,135.25,1,-1,-1,-1
261,1594,18.74,142.08,76.84,152.44,1,-1,-1,-1
261,1585,161.24,165.69,59.30,187.95,1,-1,-1,-1
261,1469,281.06,184.26,51.54,149.85,1,-1,-1,-1
261,1466,332.13,184.96,41.81,137.86,1,-1,-1,-1
262,1594,10.97,140.72,72.43,146.77,1,-1,-1,-1
262,1585,161.28,168.64,60.44,196.89,1,-1,-1,-1
262,1469,276.46,187.08,51.94,151.78,1,-1,-1,-1
262,1466,328.45,189.40,41.83,136.06,1,-1,-1,-1
263,1594,3.42,130.24,80.20,160.53,1,-1,-1,-1
263,1585,157.50,164.23,62.61,206.09,1,-1,-1,-1
263,1469,274.84,187.06,50.66,150.99,1,-1,-1,-1
263,1466,327.90,189.73,41.09,135.08,1,-1,-1,-1
264,1594,-0.09,133.38,84.64,153.90,1,-1,-1,-1
264,1585,152.03,161.13,64.48,209.17,1,-1,-1,-1
264,1469,271.65,180.70,51.69,153.84,1,-1,-1,-1
264,1466,327.37,190.45,40.45,133.94,1,-1,-1,-1
265,1594,-1.88,134.20,85.05,150.92,1,-1,-1,-1
265,1585,149.62,151.41,70.11,219.62,1,-1,-1,-1
265,1469,268.21,182.53,53.33,149.64,1,-1,-1,-1
265,1466,327.46,187.40,40.96,131.67,1,-1,-1,-1
266,1594,-2.87,135.24,85.13,157.42,1,-1,-1,-1
266,1585,146.26,155.53,73.44,224.12,1,-1,-1,-1
266,1469,269.34,180.17,54.22,150.04,1,-1,-1,-1
266,1466,327.72,188.87,41.92,134.13,1,-1,-1,-1
267,1594,-7.57,136.86,80.01,161.26,1,-1,-1,-1
267,1585,139.93,151.75,77.62,233.47,1,-1,-1,-1
267,1469,267.77,173.97,54.23,149.26,1,-1,-1,-1
267,1466,327.14,186.66,41.62,134.89,1,-1,-1,-1
268,1585,137.98,144.51,80.58,240.40,1,-1,-1,-1
268,1469,266.07,176.55,55.74,148.18,1,-1,-1,-1
268,1466,328.22,190.91,40.89,135.47,1,-1,-1,-1
269,1585,131.89,134.73,82.15,251.11,1,-1,-1,-1
269,1469,268.00,176.78,57.55,151.14,1,-1,-1,-1
269,1466,323.50,191.36,40.86,134.93,1,-1,-1,-1
270,1585,126.25,133.16,87.96,259.73,1,-1,-1,-1
270,1469,267.48,174.32,56.25,151.28,1,-1,-1,-1
270,1466,323.18,186.80,42.44,138.65,1,-1,-1,-1
271,1585,120.03,122.22,91.93,274.04,1,-1,-1,-1
271,1469,268.40,174.50,57.34,151.29,1,-1,-1,-1
271,1466,322.88,186.53,44.14,137.51,1,-1,-1,-1
272,1585,114.46,123.03,93.21,279.25,1,-1,-1,-1
272,1469,266.41,170.90,55.98,150.34,1,-1,-1,-1
272,1466,324.47,182.30,42.39,133.34,1,-1,-1,-1
273,1585,110.48,116.76,96.49,289.36,1,-1,-1,-1
273,1469,267.21,173.56,57.63,149.42,1,-1,-1,-1
273,1466,322.62,180.10,42.27,133.74,1,-1,-1,-1
274,1585,101.13,111.18,97.54,300.72,1,-1,-1,-1
274,1469,264.49,171.89,55.82,150.48,1,-1,-1,-1
274,1466,320.68,180.95,45.47,134.73,1,-1,-1,-1
275,1585,91.12,107.95,101.97,308.70,1,-1,-1,-1
275,1469,262.95,168.79,54.54,151.53,1,-1,-1,-1
275,1466,321.99,177.11,48.38,130.82,1,-1,-1,-1
276,1585,73.79,99.15,115.50,328.03,1,-1,-1,-1
276,1469,261.62,167.78,54.05,152.98,1,-1,-1,-1
276,1466,321.87,181.53,53.69,129.75,1,-1,-1,-1
277,1585,61.52,93.36,118.85,344.39,1,-1,-1,-1
277,1469,260.93,172.36,53.67,153.32,1,-1,-1,-1
277,1466,318.03,182.31,53.52,134.00,1,-1,-1,-1
278,1585,44.80,82.57,123.71,362.84,1,-1,-1,-1
278,1469,261.50,174.40,52.68,154.79,1,-1,-1,-1
278,1466,316.47,183.25,53.07,136.89,1,-1,-1,-1
279,1585,30.96,72.79,132.27,379.24,1,-1,-1,-1
279,1469,264.94,177.09,51.80,155.34,1,-1,-1,-1
279,1466,319.04,181.17,50.24,138.58,1,-1,-1,-1
280,1585,16.09,57.55,140.27,391.53,1,-1,-1,-1
280,1469,265.17,168.88,51.76,155.81,1,-1,-1,-1
280,1466,321.02,186.15,48.07,141.96,1,-1,-1,-1
281,1585,10.68,59.37,150.23,405.05,1,-1,-1,-1
281,1469,267.13,165.81,54.01,153.63,1,-1,-1,-1
281,1466,320.83,178.83,46.51,147.22,1,-1,-1,-1
282,1585,3.54,41.01,155.59,424.07,1,-1,-1,-1
282,1469,265.21,169.57,53.69,151.55,1,-1,-1,-1
282,1466,324.94,175.81,45.24,144.80,1,-1,-1,-1
283,1585,-1.38,63.37,153.17,413.31,1,-1,-1,-1
283,1469,265.38,171.41,54.12,150.44,1,-1,-1,-1
283,1466,324.43,179.17,44.76,143.73,1,-1,-1,-1
284,1585,-7.26,66.87,145.84,413.12,1,-1,-1,-1
284,1469,266.19,174.59,56.76,150.88,1,-1,-1,-1
284,1466,325.65,179.12,45.26,145.64,1,-1,-1,-1
285,1601,195.64,225.69,23.46,45.95,1,-1,-1,-1
285,1585,-5.45,66.04,143.06,410.42,1,-1,-1,-1
285,1469,263.47,177.96,59.90,148.50,1,-1,-1,-1
285,1466,326.73,184.76,47.79,143.18,1,-1,-1,-1
286,1601,187.95,222.68,25.95,51.67,1,-1,-1,-1
286,1585,-4.28,61.38,144.00,412.79,1,-1,-1,-1
286,1469,262.15,180.98,60.29,148.13,1,-1,-1,-1
286,1466,327.93,185.28,49.85,142.61,1,-1,-1,-1
287,1601,191.21,223.72,27.05,53.14,1,-1,-1,-1
287,1585,-7.87,56.91,139.17,397.35,1,-1,-1,-1
287,1469,264.26,184.80,59.78,148.52,1,-1,-1,-1
287,1466,328.50,187.66,48.49,142.21,1,-1,-1,-1
288,1603,176.11,221.06,27.09,60.62,1,-1,-1,-1
288,1585,-8.00,71.99,132.80,374.67,1,-1,-1,-1
288,1469,267.79,179.27,60.86,152.84,1,-1,-1,-1
288,1466,332.25,186.74,46.98,142.36,1,-1,-1,-1
289,1469,274.05,178.17,60.97,153.85,1,-1,-1,-1
289,1466,337.86,184.40,46.44,140.87,1,-1,-1,-1
290,1469,278.05,173.53,60.92,156.54,1,-1,-1,-1
290,1466,341.27,184.71,50.60,141.48,1,-1,-1,-1
291,1601,198.27,217.64,23.71,57.69,1,-1,-1,-1
291,1469,282.59,169.82,58.18,156.31,1,-1,-1,-1
291,1466,349.44,179.13,57.39,134.97,1,-1,-1,-1
292,1605,97.63,219.71,22.36,55.07,1,-1,-1,-1
292,1601,199.03,218.63,24.86,59.57,1,-1,-1,-1
292,1469,286.75,173.57,55.59,155.59,1,-1,-1,-1
292,1466,351.03,176.62,61.17,134.29,1,-1,-1,-1
293,1605,97.97,214.08,26.80,64.08,1,-1,-1,-1
293,1601,198.57,218.02,25.95,58.70,1,-1,-1,-1
293,1469,289.81,174.49,53.77,153.45,1,-1,-1,-1
293,1466,350.35,179.40,64.98,134.27,1,-1,-1,-1
294,1605,95.99,211.20,26.17,63.38,1,-1,-1,-1
294,1601,201.20,218.79,26.34,60.82,1,-1,-1,-1
294,1469,293.73,164.73,55.71,158.25,1,-1,-1,-1
294,1466,350.84,182.65,65.64,132.95,1,-1,-1,-1
295,1605,97.61,216.27,24.83,60.15,1,-1,-1,-1
295,1601,199.69,217.70,27.33,61.96,1,-1,-1,-1
295,1469,293.08,167.72,55.88,159.19,1,-1,-1,-1
295,1466,351.34,187.35,64.50,135.74,1,-1,-1,-1
296,1609,142.78,218.27,27.24,56.39,1,-1,-1,-1
296,1605,103.42,219.70,24.18,60.89,1,-1,-1,-1
296,1601,202.21,219.96,25.76,61.97,1,-1,-1,-1
296,1469,297.62,169.02,56.16,159.84,1,-1,-1,-1
296,1466,357.50,186.83,61.95,140.23,1,-1,-1,-1
297,1609,149.69,216.34,25.07,55.58,1,-1,-1,-1
297,1605,106.32,217.13,24.28,59.89,1,-1,-1,-1
297,1469,305.45,169.34,54.75,154.90,1,-1,-1,-1
297,1466,362.50,182.74,57.96,142.93,1,-1,-1,-1
298,1610,213.91,211.57,27.75,68.54,1,-1,-1,-1
298,1609,153.03,218.93,23.02,53.05,1,-1,-1,-1
298,1605,114.53,217.54,25.03,62.87,1,-1,-1,-1
298,1469,311.57,164.66,53.68,155.73,1,-1,-1,-1
298,1466,369.75,177.56,56.33,147.06,1,-1,-1,-1
299,1610,217.84,213.55,29.33,71.25,1,-1,-1,-1
299,1609,150.11,217.63,23.69,56.37,1,-1,-1,-1
299,1605,115.04,220.19,25.36,62.94,1,-1,-1,-1
299,1469,315.86,172.92,53.17,151.65,1,-1,-1,-1
299,1466,376.07,175.59,54.71,148.70,1,-1,-1,-1
300,1610,217.76,204.06,31.25,74.90,1,-1,-1,-1
300,1609,151.76,212.64,25.14,57.01,1,-1,-1,-1
300,1605,118.12,214.75,24.44,64.02,1,-1,-1,-1
300,1469,319.79,174.25,52.77,147.82,1,-1,-1,-1
300,1466,377.27,173.59,55.18,145.57,1,-1,-1,-1
301,1612,245.48,215.53,23.75,53.87,1,-1,-1,-1
301,1610,218.99,205.02,31.80,75.18,1,-1,-1,-1
301,1609,153.73,220.32,26.36,51.19,1,-1,-1,-1
301,1605,123.09,216.18,24.12,64.79,1,-1,-1,-1
301,1469,325.35,173.10,52.99,150.20,1,-1,-1,-1
301,1466,382.06,178.89,52.93,145.89,1,-1,-1,-1
302,1612,245.17,217.14,24.61,52.68,1,-1,-1,-1
302,1610,221.53,207.46,31.64,73.55,1,-1,-1,-1
302,1609,154.20,220.39,24.84,52.14,1,-1,-1,-1
302,1469,321.94,171.88,54.55,149.51,1,-1,-1,-1
302,1466,382.74,174.80,54.14,143.94,1,-1,-1,-1
303,1615,138.02,205.60,32.80,72.31,1,-1,-1,-1
303,1613,213.68,204.63,25.94,76.28,1,-1,-1,-1
303,1610,229.34,207.63,29.63,73.06,1,-1,-1,-1
303,1469,326.63,169.79,53.98,149.75,1,-1,-1,-1
303,1466,385.74,177.89,52.80,143.37,1,-1,-1,-1
304,1616,573.58,175.99,50.65,159.96,1,-1,-1,-1
304,1615,144.33,210.75,30.32,68.80,1,-1,-1,-1
304,1613,209.67,206.50,26.21,76.98,1,-1,-1,-1
304,1610,224.75,205.24,30.97,73.77,1,-1,-1,-1
304,1469,332.14,176.94,52.25,147.90,1,-1,-1,-1
304,1466,392.54,184.07,52.16,142.40,1,-1,-1,-1
305,1617,255.86,216.86,22.04,56.07,1,-1,-1,-1
305,1616,576.59,175.65,46.10,148.27,1,-1,-1,-1
305,1615,151.97,211.56,28.43,66.70,1,-1,-1,-1
305,1613,214.67,206.15,27.91,81.14,1,-1,-1,-1
305,1610,229.14,206.90,31.37,73.04,1,-1,-1,-1
305,1469,336.06,179.12,51.67,146.19,1,-1,-1,-1
305,1466,395.18,178.72,53.23,143.00,1,-1,-1,-1
306,1615,155.76,211.67,28.29,67.87,1,-1,-1,-1
306,1613,219.38,208.11,28.93,83.35,1,-1,-1,-1
306,1469,344.04,176.61,54.46,142.85,1,-1,-1,-1
306,1466,401.21,179.52,53.40,138.34,1,-1,-1,-1
307,1615,156.14,212.69,27.77,68.05,1,-1,-1,-1
307,1613,218.85,203.43,31.02,86.77,1,-1,-1,-1
307,1469,349.29,175.25,51.98,140.53,1,-1,-1,-1
307,1466,408.08,178.16,53.46,141.06,1,-1,-1,-1
308,1615,159.41,214.22,26.99,66.35,1,-1,-1,-1
308,1613,218.41,203.94,32.35,85.77,1,-1,-1,-1
308,1612,247.12,213.31,28.00,70.84,1,-1,-1,-1
308,1469,360.13,170.64,51.04,146.89,1,-1,-1,-1
308,1466,413.20,176.00,56.02,141.12,1,-1,-1,-1
309,1615,161.86,216.04,25.85,65.85,1,-1,-1,-1
309,1613,218.19,204.53,31.74,82.11,1,-1,-1,-1
309,1612,246.97,211.01,29.19,75.03,1,-1,-1,-1
309,1469,362.85,175.05,52.10,145.79,1,-1,-1,-1
309,1466,421.25,179.32,54.23,143.73,1,-1,-1,-1
310,1615,163.29,217.57,24.87,64.10,1,-1,-1,-1
310,1613,216.21,208.63,31.08,79.41,1,-1,-1,-1
310,1612,246.83,208.49,31.40,80.56,1,-1,-1,-1
310,1469,363.38,174.81,52.96,144.95,1,-1,-1,-1
310,1466,426.11,181.31,53.77,145.21,1,-1,-1,-1
311,1615,162.62,217.80,25.34,62.41,1,-1,-1,-1
311,1613,215.79,208.11,31.49,77.95,1,-1,-1,-1
311,1612,237.52,208.60,32.25,85.82,1,-1,-1,-1
311,1469,369.08,180.26,53.33,144.84,1,-1,-1,-1
311,1466,430.89,181.42,54.66,147.43,1,-1,-1,-1
312,1618,287.97,213.56,24.28,56.89,1,-1,-1,-1
312,1615,162.60,219.52,26.13,64.76,1,-1,-1,-1
312,1613,221.37,206.88,32.57,83.03,1,-1,-1,-1
312,1469,370.17,179.75,55.59,145.48,1,-1,-1,-1
312,1466,435.51,185.82,54.90,149.77,1,-1,-1,-1
313,1618,289.39,212.92,24.60,57.07,1,-1,-1,-1
313,1615,166.64,224.64,25.08,60.37,1,-1,-1,-1
313,1613,222.58,208.46,32.53,83.31,1,-1,-1,-1
313,1469,374.87,172.83,55.66,146.97,1,-1,-1,-1
313,1466,434.86,180.10,58.61,155.01,1,-1,-1,-1
314,1618,295.67,210.12,25.35,60.80,1,-1,-1,-1
314,1615,166.60,221.23,24.74,59.05,1,-1,-1,-1
314,1613,222.35,206.43,34.09,86.84,1,-1,-1,-1
314,1469,379.31,172.93,55.70,146.93,1,-1,-1,-1
314,1466,437.33,176.11,59.73,151.47,1,-1,-1,-1
315,1622,257.45,205.95,29.37,82.60,1,-1,-1,-1
315,1618,296.72,209.74,27.23,63.53,1,-1,-1,-1
315,1615,171.50,219.80,23.61,59.89,1,-1,-1,-1
315,1613,220.03,203.21,34.30,88.58,1,-1,-1,-1
315,1469,384.56,174.26,55.58,144.92,1,-1,-1,-1
315,1466,443.27,174.12,58.51,150.01,1,-1,-1,-1
316,1622,256.21,205.07,28.87,82.25,1,-1,-1,-1
316,1618,292.58,206.00,28.30,64.94,1,-1,-1,-1
316,1615,176.58,216.00,22.85,61.32,1,-1,-1,-1
316,1613,220.48,200.82,33.04,90.42,1,-1,-1,-1
316,1469,386.56,175.54,53.23,144.43,1,-1,-1,-1
316,1466,442.11,179.31,59.47,147.61,1,-1,-1,-1
317,1623,135.61,212.54,28.60,71.01,1,-1,-1,-1
317,1622,252.68,201.98,33.01,88.96,1,-1,-1,-1
317,1618,291.63,201.13,28.79,68.06,1,-1,-1,-1
317,1615,177.36,210.48,23.12,64.33,1,-1,-1,-1
317,1613,228.84,202.58,32.62,91.59,1,-1,-1,-1
317,1469,388.06,176.23,54.01,144.31,1,-1,-1,-1
317,1466,445.45,176.03,60.36,148.36,1,-1,-1,-1
318,1623,134.79,214.26,27.67,69.02,1,-1,-1,-1
318,1622,253.24,202.20,34.35,90.27,1,-1,-1,-1
318,1618,297.23,204.42,27.37,67.22,1,-1,-1,-1
318,1615,177.25,205.95,23.96,67.46,1,-1,-1,-1
318,1613,223.77,207.28,30.65,91.29,1,-1,-1,-1
318,1469,386.57,175.37,56.69,144.32,1,-1,-1,-1
318,1466,448.70,177.45,60.11,147.08,1,-1,-1,-1
319,1623,131.31,214.41,28.12,70.20,1,-1,-1,-1
319,1622,252.21,199.06,37.25,97.16,1,-1,-1,-1
319,1618,301.19,208.05,25.03,65.97,1,-1,-1,-1
319,1615,178.51,201.12,25.07,74.71,1,-1,-1,-1
319,1469,388.05,179.14,58.76,144.03,1,-1,-1,-1
319,1466,453.05,178.42,55.83,147.09,1,-1,-1,-1
320,1623,129.56,215.88,29.86,72.42,1,-1,-1,-1
320,1622,250.05,203.05,38.97,100.20,1,-1,-1,-1
320,1618,302.01,213.07,23.86,66.42,1,-1,-1,-1
320,1615,180.12,203.22,25.52,76.31,1,-1,-1,-1
320,1469,389.25,184.09,59.10,143.53,1,-1,-1,-1
320,1466,455.17,183.99,54.96,146.51,1,-1,-1,-1
321,1623,122.91,217.09,29.76,73.65,1,-1,-1,-1
321,1622,251.02,206.01,38.58,102.49,1,-1,-1,-1
321,1618,296.85,214.86,24.62,67.68,1,-1,-1,-1
321,1615,182.03,202.58,26.00,80.03,1,-1,-1,-1
321,1469,391.92,185.13,58.18,143.57,1,-1,-1,-1
321,1466,454.73,181.42,54.85,145.34,1,-1,-1,-1
322,1623,116.81,215.46,31.30,74.02,1,-1,-1,-1
322,1622,250.31,202.98,38.43,104.65,1,-1,-1,-1
322,1618,295.04,213.78,24.71,67.94,1,-1,-1,-1
322,1615,185.39,211.96,23.83,76.61,1,-1,-1,-1
322,1613,216.89,211.60,31.92,100.20,1,-1,-1,-1
322,1469,393.78,178.91,58.27,143.88,1,-1,-1,-1
322,1466,454.22,173.55,53.96,138.92,1,-1,-1,-1
323,1623,112.37,212.90,34.27,77.70,1,-1,-1,-1
323,1622,246.48,201.07,41.50,108.10,1,-1,-1,-1
323,1618,295.91,221.66,24.79,64.14,1,-1,-1,-1
323,1615,187.24,215.39,23.33,72.47,1,-1,-1,-1
323,1613,217.48,213.13,30.79,98.48,1,-1,-1,-1
323,1469,394.51,174.66,57.32,144.97,1,-1,-1,-1
323,1466,459.93,180.53,55.08,143.40,1,-1,-1,-1
324,1623,105.59,216.19,34.25,76.28,1,-1,-1,-1
324,1622,241.92,196.83,45.27,114.78,1,-1,-1,-1
324,1618,296.65,220.45,23.37,63.89,1,-1,-1,-1
324,1615,187.28,216.89,22.39,71.36,1,-1,-1,-1
324,1613,216.42,210.32,30.80,101.61,1,-1,-1,-1
324,1469,395.37,175.53,56.14,146.72,1,-1,-1,-1
324,1466,461.20,183.47,57.79,147.91,1,-1,-1,-1
325,1623,99.75,210.84,32.50,70.32,1,-1,-1,-1
325,1622,238.93,199.50,44.52,116.64,1,-1,-1,-1
325,1618,297.17,215.99,23.95,65.41,1,-1,-1,-1
325,1615,185.01,209.67,23.91,77.39,1,-1,-1,-1
325,1469,396.97,179.60,55.12,146.99,1,-1,-1,-1
325,1466,459.30,180.45,61.32,147.76,1,-1,-1,-1
326,1622,237.06,196.67,46.60,121.85,1,-1,-1,-1
326,1618,296.61,215.50,24.57,65.84,1,-1,-1,-1
326,1615,193.35,210.44,26.50,84.25,1,-1,-1,-1
326,1469,398.37,182.45,55.00,146.61,1,-1,-1,-1
326,1466,460.98,173.33,66.48,152.05,1,-1,-1,-1
327,1622,235.65,192.69,46.88,124.12,1,-1,-1,-1
327,1618,293.70,212.03,24.92,67.19,1,-1,-1,-1
327,1615,196.41,204.74,30.73,98.49,1,-1,-1,-1
327,1469,399.97,181.75,54.93,145.51,1,-1,-1,-1
327,1466,462.78,175.80,64.97,150.84,1,-1,-1,-1
328,1622,231.78,192.72,46.74,126.83,1,-1,-1,-1
328,1618,291.90,210.39,25.34,67.28,1,-1,-1,-1
328,1615,199.25,200.42,34.62,107.12,1,-1,-1,-1
328,1469,401.79,181.63,55.17,145.30,1,-1,-1,-1
328,1466,466.38,182.51,60.32,151.92,1,-1,-1,-1
329,1622,233.65,186.32,46.10,127.70,1,-1,-1,-1
329,1618,292.41,213.55,25.58,68.79,1,-1,-1,-1
329,1615,193.15,198.42,38.51,113.07,1,-1,-1,-1
329,1469,404.54,180.85,55.82,145.45,1,-1,-1,-1
329,1466,469.26,185.86,57.51,153.87,1,-1,-1,-1
330,1622,232.10,186.40,47.23,130.81,1,-1,-1,-1
330,1618,292.24,207.15,26.82,71.66,1,-1,-1,-1
330,1615,188.69,199.76,38.64,117.65,1,-1,-1,-1
330,1469,406.95,178.83,54.97,144.03,1,-1,-1,-1
330,1466,470.81,185.83,55.77,154.56,1,-1,-1,-1
331,1622,228.22,182.99,50.47,131.77,1,-1,-1,-1
331,1618,290.70,207.86,28.31,75.26,1,-1,-1,-1
331,1615,187.10,195.57,39.34,124.40,1,-1,-1,-1
331,1469,406.17,178.16,54.61,142.61,1,-1,-1,-1
331,1466,471.28,179.62,55.76,153.78,1,-1,-1,-1
332,1622,224.21,179.32,54.05,134.97,1,-1,-1,-1
332,1618,288.17,208.06,27.93,76.02,1,-1,-1,-1
332,1615,181.92,195.25,42.37,132.17,1,-1,-1,-1
332,1469,405.73,178.24,54.57,143.13,1,-1,-1,-1
332,1466,469.76,176.47,56.98,154.30,1,-1,-1,-1
333,1622,218.58,178.92,56.66,134.68,1,-1,-1,-1
333,1618,284.90,202.69,28.24,78.03,1,-1,-1,-1
333,1615,176.87,187.89,43.46,137.96,1,-1,-1,-1
333,1469,407.77,175.11,55.12,146.10,1,-1,-1,-1
334,1622,218.00,176.59,53.12,134.65,1,-1,-1,-1
334,1618,284.01,202.48,28.39,80.14,1,-1,-1,-1
334,1615,171.49,178.68,46.34,143.43,1,-1,-1,-1
334,1469,406.79,173.88,55.43,143.83,1,-1,-1,-1
335,1622,212.94,174.61,51.75,140.26,1,-1,-1,-1
335,1618,282.33,204.32,29.37,80.72,1,-1,-1,-1
335,1615,158.61,177.79,50.08,151.19,1,-1,-1,-1
335,1469,405.96,174.95,56.35,145.21,1,-1,-1,-1
336,1628,258.02,201.17,26.49,87.60,1,-1,-1,-1
336,1622,205.75,175.40,52.06,149.41,1,-1,-1,-1
336,1618,283.30,202.37,28.75,83.05,1,-1,-1,-1
336,1615,156.25,180.44,52.82,157.36,1,-1,-1,-1
336,1469,406.02,173.50,56.94,145.16,1,-1,-1,-1
336,1466,473.74,178.44,53.20,145.62,1,-1,-1,-1
337,1629,580.82,217.38,43.51,99.61,1,-1,-1,-1
337,1628,252.54,197.82,28.84,89.10,1,-1,-1,-1
337,1622,196.73,172.95,54.80,162.30,1,-1,-1,-1
337,1618,281.20,199.46,30.89,84.97,1,-1,-1,-1
337,1615,145.58,180.15,51.93,156.59,1,-1,-1,-1
337,1469,405.42,174.53,57.05,148.74,1,-1,-1,-1
337,1466,475.42,181.84,54.24,144.98,1,-1,-1,-1
338,1629,579.47,218.14,41.52,98.13,1,-1,-1,-1
338,1628,248.54,203.33,29.75,90.21,1,-1,-1,-1
338,1622,191.83,167.24,53.49,163.39,1,-1,-1,-1
338,1618,279.31,203.96,30.44,86.22,1,-1,-1,-1
338,1615,139.23,177.04,52.51,164.45,1,-1,-1,-1
338,1469,405.21,177.30,57.07,148.96,1,-1,-1,-1
338,1466,477.35,186.06,53.11,143.68,1,-1,-1,-1
339,1629,572.03,213.62,46.10,108.08,1,-1,-1,-1
339,1628,245.26,201.92,30.08,90.37,1,-1,-1,-1
339,1622,187.25,164.32,57.43,170.84,1,-1,-1,-1
339,1618,278.30,204.92,30.88,89.31,1,-1,-1,-1
339,1615,134.73,173.73,53.48,170.30,1,-1,-1,-1
339,1469,401.63,180.77,64.65,143.56,1,-1,-1,-1
339,1466,477.51,187.89,52.83,141.12,1,-1,-1,-1
340,1629,568.31,209.90,47.57,111.00,1,-1,-1,-1
340,1628,241.17,201.78,32.91,91.12,1,-1,-1,-1
340,1622,177.33,162.70,63.26,176.42,1,-1,-1,-1
340,1618,277.16,204.75,30.65,91.33,1,-1,-1,-1
340,1615,128.70,172.66,54.55,170.13,1,-1,-1,-1
340,1469,401.96,177.04,62.22,140.93,1,-1,-1,-1
340,1466,479.31,182.54,51.83,143.86,1,-1,-1,-1
341,1629,569.85,208.67,44.64,111.78,1,-1,-1,-1
341,1628,239.48,202.23,32.47,91.27,1,-1,-1,-1
341,1622,172.87,164.84,64.52,191.19,1,-1,-1,-1
341,1618,275.88,198.95,30.51,94.30,1,-1,-1,-1
341,1615,123.61,164.74,54.96,176.69,1,-1,-1,-1
341,1469,402.28,174.99,61.21,142.50,1,-1,-1,-1
341,1466,473.42,183.64,54.60,145.29,1,-1,-1,-1
342,1629,568.30,202.70,48.33,112.14,1,-1,-1,-1
342,1628,235.47,202.62,32.45,94.47,1,-1,-1,-1
342,1622,162.27,161.14,70.44,209.11,1,-1,-1,-1
342,1618,275.71,195.85,30.65,97.74,1,-1,-1,-1
342,1615,108.83,155.13,57.34,190.71,1,-1,-1,-1
342,1469,403.44,175.98,59.95,141.41,1,-1,-1,-1
342,1466,474.39,181.32,57.10,147.35,1,-1,-1,-1
343,1629,566.63,197.42,50.86,114.10,1,-1,-1,-1
343,1628,232.65,197.10,32.20,96.20,1,-1,-1,-1
343,1622,153.73,149.51,69.14,215.37,1,-1,-1,-1
343,1618,275.62,194.64,31.93,101.62,1,-1,-1,-1
343,1615,100.73,156.49,59.39,204.54,1,-1,-1,-1
343,1469,402.84,176.48,59.11,141.67,1,-1,-1,-1
343,1466,477.20,174.74,56.45,147.47,1,-1,-1,-1
344,1629,561.78,197.88,56.03,114.00,1,-1,-1,-1
344,1628,235.06,193.38,32.37,98.96,1,-1,-1,-1
344,1622,153.63,140.39,70.01,222.05,1,-1,-1,-1
344,1618,273.90,190.84,33.28,106.08,1,-1,-1,-1
344,1615,94.52,146.32,67.05,224.69,1,-1,-1,-1
344,1469,403.89,175.77,59.09,142.74,1,-1,-1,-1
344,1466,477.86,181.91,53.60,147.88,1,-1,-1,-1
345,1629,559.93,200.16,55.94,110.50,1,-1,-1,-1
345,1628,234.13,198.80,30.59,95.19,1,-1,-1,-1
345,1622,142.37,138.13,75.42,249.75,1,-1,-1,-1
345,1618,272.65,189.54,32.98,105.83,1,-1,-1,-1
345,1615,87.74,145.13,64.23,221.36,1,-1,-1,-1
345,1469,404.77,175.03,59.01,136.50,1,-1,-1,-1
345,1466,476.63,181.82,53.51,153.68,1,-1,-1,-1
346,1629,555.93,207.54,56.74,108.62,1,-1,-1,-1
346,1628,234.56,201.84,32.14,98.89,1,-1,-1,-1
346,1622,138.03,120.02,81.25,277.14,1,-1,-1,-1
346,1618,272.56,188.98,33.45,108.05,1,-1,-1,-1
346,1615,69.98,146.47,71.77,238.29,1,-1,-1,-1
346,1469,411.07,177.79,58.15,137.67,1,-1,-1,-1
346,1466,477.17,181.08,52.64,154.96,1,-1,-1,-1
347,1629,553.52,203.95,54.37,110.66,1,-1,-1,-1
347,1628,229.62,200.83,33.93,101.07,1,-1,-1,-1
347,1622,123.74,115.43,86.76,288.81,1,-1,-1,-1
347,1618,271.38,191.63,33.35,110.08,1,-1,-1,-1
347,1615,53.92,142.97,77.06,251.38,1,-1,-1,-1
347,1469,407.52,181.70,59.21,134.41,1,-1,-1,-1
347,1466,477.18,180.57,53.10,154.32,1,-1,-1,-1
348,1629,554.71,205.47,48.80,111.09,1,-1,-1,-1
348,1628,224.53,201.13,35.03,103.13,1,-1,-1,-1
348,1622,103.04,114.87,102.21,311.63,1,-1,-1,-1
348,1618,268.45,193.18,33.49,110.79,1,-1,-1,-1
348,1615,33.88,129.19,86.62,278.68,1,-1,-1,-1
348,1469,403.37,181.76,60.28,133.49,1,-1,-1,-1
348,1466,477.09,186.28,52.91,150.20,1,-1,-1,-1
349,1629,548.37,205.49,45.63,109.60,1,-1,-1,-1
349,1628,216.97,200.36,35.01,104.05,1,-1,-1,-1
349,1622,70.88,107.99,114.37,334.73,1,-1,-1,-1
349,1618,263.09,190.73,36.17,115.33,1,-1,-1,-1
349,1615,14.22,116.24,90.40,288.97,1,-1,-1,-1
349,1469,400.80,185.01,59.58,135.22,1,-1,-1,-1
349,1466,470.28,182.60,53.39,144.42,1,-1,-1,-1
350,1631,10.80,113.03,61.76,131.24,1,-1,-1,-1
350,1629,543.46,204.69,42.73,107.19,1,-1,-1,-1
350,1628,212.68,198.86,35.71,104.17,1,-1,-1,-1
350,1622,62.35,89.34,115.28,357.12,1,-1,-1,-1
350,1618,255.92,188.16,35.87,120.15,1,-1,-1,-1
350,1615,1.57,112.20,89.53,311.84,1,-1,-1,-1
350,1469,396.63,183.92,60.85,134.44,1,-1,-1,-1
350,1466,465.46,182.55,53.65,142.43,1,-1,-1,-1
351,1629,541.62,210.63,41.07,106.85,1,-1,-1,-1
351,1628,205.90,198.96,36.22,106.37,1,-1,-1,-1
351,1622,36.39,79.66,127.11,380.37,1,-1,-1,-1
351,1618,253.68,184.97,35.36,121.79,1,-1,-1,-1
351,1469,392.50,186.10,63.59,136.02,1,-1,-1,-1
351,1466,468.25,183.17,55.02,143.09,1,-1,-1,-1
352,1629,540.10,214.31,41.59,107.56,1,-1,-1,-1
352,1628,202.83,196.59,36.88,108.20,1,-1,-1,-1
352,1622,15.33,47.55,131.15,408.88,1,-1,-1,-1
352,1618,248.38,183.93,37.06,123.95,1,-1,-1,-1
352,1469,391.15,185.06,63.00,139.09,1,-1,-1,-1
352,1466,462.24,185.86,55.31,141.29,1,-1,-1,-1
353,1629,538.77,213.18,42.68,108.86,1,-1,-1,-1
353,1628,200.65,195.25,38.05,111.92,1,-1,-1,-1
353,1622,9.51,27.43,129.88,422.68,1,-1,-1,-1
353,1618,244.52,186.01,39.36,124.29,1,-1,-1,-1
353,1469,388.60,185.38,65.63,140.39,1,-1,-1,-1
353,1466,459.07,188.37,57.92,142.24,1,-1,-1,-1
354,1629,539.32,212.15,43.22,106.55,1,-1,-1,-1
354,1628,197.66,190.95,38.68,114.90,1,-1,-1,-1
354,1622,-4.04,28.91,119.33,409.08,1,-1,-1,-1
354,1618,242.28,186.48,39.21,125.71,1,-1,-1,-1
354,1469,386.61,179.05,66.62,142.67,1,-1,-1,-1
354,1466,458.32,188.34,60.37,143.52,1,-1,-1,-1
