1,11,556.00,146.00,14.53,43.06,1,-1,-1,-1
1,10,280.00,201.00,127.19,91.89,1,-1,-1,-1
1,9,386.00,155.00,105.66,204.82,1,-1,-1,-1
1,8,0.00,96.00,266.94,269.67,1,-1,-1,-1
1,7,569.00,144.00,14.20,44.46,1,-1,-1,-1
1,6,484.00,146.00,18.32,55.36,1,-1,-1,-1
1,5,439.00,196.00,47.49,64.35,1,-1,-1,-1
1,4,340.00,182.00,133.05,82.67,1,-1,-1,-1
1,3,248.00,218.00,75.25,84.73,1,-1,-1,-1
1,2,475.00,146.00,70.22,187.42,1,-1,-1,-1
1,1,535.00,144.00,16.09,44.90,1,-1,-1,-1
2,10,279.60,197.30,130.33,95.43,1,-1,-1,-1
2,9,395.16,155.71,101.40,203.64,1,-1,-1,-1
2,8,0.08,95.92,267.66,270.04,1,-1,-1,-1
2,7,569.83,144.56,13.22,43.63,1,-1,-1,-1
2,6,485.72,143.30,20.03,50.59,1,-1,-1,-1
2,3,249.17,220.81,72.51,80.79,1,-1,-1,-1
2,2,485.54,152.26,65.16,179.23,1,-1,-1,-1
2,1,537.16,143.59,17.26,46.24,1,-1,-1,-1
3,14,276.00,191.00,122.02,99.57,1,-1,-1,-1
3,13,383.00,211.00,70.93,70.20,1,-1,-1,-1
3,12,511.00,143.00,17.14,38.08,1,-1,-1,-1
3,11,557.15,145.59,15.99,45.28,1,-1,-1,-1
3,10,280.57,200.14,127.33,92.93,1,-1,-1,-1
3,9,415.23,158.98,85.81,189.86,1,-1,-1,-1
3,8,5.48,85.25,235.03,208.50,1,-1,-1,-1
3,6,488.25,145.47,16.73,37.75,1,-1,-1,-1
3,3,250.61,221.15,74.57,82.21,1,-1,-1,-1
3,2,506.49,146.83,63.85,183.15,1,-1,-1,-1
4,10,291.51,203.97,117.28,88.02,1,-1,-1,-1
4,9,442.52,165.14,70.61,178.43,1,-1,-1,-1
4,3,249.85,219.45,75.71,83.02,1,-1,-1,-1
4,2,518.73,147.71,66.50,190.06,1,-1,-1,-1
5,9,460.21,164.33,68.30,184.59,1,-1,-1,-1
5,3,249.48,220.89,75.11,81.55,1,-1,-1,-1
5,2,525.50,141.86,75.74,199.49,1,-1,-1,-1
6,14,281.56,198.02,124.14,96.54,1,-1,-1,-1
6,13,360.23,194.19,111.08,85.24,1,-1,-1,-1
6,9,467.00,157.97,75.57,197.40,1,-1,-1,-1
6,3,248.84,220.88,75.90,81.72,1,-1,-1,-1
6,2,530.07,142.07,83.05,206.87,1,-1,-1,-1
7,14,278.07,197.98,126.85,96.86,1,-1,-1,-1
7,13,369.15,194.56,107.86,82.67,1,-1,-1,-1
7,9,468.98,156.40,83.06,206.19,1,-1,-1,-1
7,3,249.56,221.71,75.43,81.43,1,-1,-1,-1
7,2,535.52,144.72,83.54,208.63,1,-1,-1,-1
8,14,278.73,198.46,127.46,95.92,1,-1,-1,-1
8,13,369.84,185.88,108.79,81.46,1,-1,-1,-1
8,9,482.07,157.44,79.97,205.15,1,-1,-1,-1
8,3,247.34,219.70,76.52,82.97,1,-1,-1,-1
8,2,553.69,145.80,72.88,202.40,1,-1,-1,-1
9,14,281.45,198.81,125.42,94.47,1,-1,-1,-1
9,13,363.51,184.19,111.70,81.70,1,-1,-1,-1
9,9,504.43,159.56,71.88,200.76,1,-1,-1,-1
9,3,246.05,219.86,75.96,82.78,1,-1,-1,-1
9,2,571.44,148.04,65.56,199.27,1,-1,-1,-1
10,22,496.50,147.76,23.43,56.98,1,-1,-1,-1
10,14,284.13,199.15,122.88,93.30,1,-1,-1,-1
10,9,522.32,158.20,70.04,201.93,1,-1,-1,-1
10,3,252.89,221.48,70.28,79.75,1,-1,-1,-1
10,2,583.61,146.68,68.60,205.16,1,-1,-1,-1
11,26,302.34,197.92,152.81,88.16,1,-1,-1,-1
11,25,387.48,195.46,90.54,76.68,1,-1,-1,-1
11,22,497.25,145.76,23.77,59.65,1,-1,-1,-1
11,15,0.36,96.85,266.65,268.61,1,-1,-1,-1
11,14,286.06,200.88,120.51,91.32,1,-1,-1,-1
11,9,541.31,154.54,79.41,209.79,1,-1,-1,-1
11,3,260.64,225.13,64.01,75.77,1,-1,-1,-1
11,2,600.49,145.02,75.45,210.20,1,-1,-1,-1
12,31,523.69,144.80,18.76,47.55,1,-1,-1,-1
12,28,516.52,144.09,19.46,47.90,1,-1,-1,-1
12,26,303.77,198.99,153.53,86.90,1,-1,-1,-1
12,25,386.91,194.08,93.13,77.58,1,-1,-1,-1
12,22,499.37,143.95,22.31,57.33,1,-1,-1,-1
12,15,0.63,97.54,266.00,267.95,1,-1,-1,-1
12,14,288.37,202.98,117.39,89.36,1,-1,-1,-1
12,9,545.16,153.00,89.89,214.99,1,-1,-1,-1
12,3,265.81,226.56,60.01,74.19,1,-1,-1,-1
12,2,612.91,146.56,77.26,213.73,1,-1,-1,-1
13,33,476.75,146.20,18.01,42.45,1,-1,-1,-1
13,31,519.92,141.98,18.54,49.65,1,-1,-1,-1
13,28,513.72,142.49,18.39,48.30,1,-1,-1,-1
13,26,306.96,199.23,155.78,85.95,1,-1,-1,-1
13,25,389.38,193.70,93.12,77.16,1,-1,-1,-1
13,22,500.89,144.60,21.70,58.04,1,-1,-1,-1
13,15,0.83,96.83,266.04,268.41,1,-1,-1,-1
13,14,288.82,202.87,116.05,87.45,1,-1,-1,-1
13,9,549.27,152.76,92.72,215.62,1,-1,-1,-1
13,2,625.89,147.55,71.91,213.07,1,-1,-1,-1
14,35,264.16,140.16,76.69,186.56,1,-1,-1,-1
14,33,475.14,147.26,17.11,41.96,1,-1,-1,-1
14,31,518.04,141.42,17.73,49.84,1,-1,-1,-1
14,26,317.92,198.91,149.32,83.31,1,-1,-1,-1
14,25,390.93,193.50,92.06,75.98,1,-1,-1,-1
14,22,502.89,145.91,21.23,58.18,1,-1,-1,-1
14,15,-3.05,83.83,254.18,231.97,1,-1,-1,-1
14,14,299.79,205.64,108.16,83.44,1,-1,-1,-1
14,9,566.48,153.04,87.76,214.57,1,-1,-1,-1
14,2,636.88,147.58,68.94,214.04,1,-1,-1,-1
15,36,492.39,145.85,16.16,42.89,1,-1,-1,-1
15,35,276.23,144.20,76.42,182.91,1,-1,-1,-1
15,31,517.80,141.49,17.46,49.81,1,-1,-1,-1
15,26,334.44,198.83,140.34,81.18,1,-1,-1,-1
15,25,392.18,193.28,91.20,75.82,1,-1,-1,-1
15,22,505.06,145.73,21.02,58.55,1,-1,-1,-1
15,14,308.66,209.25,100.96,81.16,1,-1,-1,-1
15,9,588.47,151.92,80.71,212.71,1,-1,-1,-1
15,2,649.68,146.44,69.30,216.69,1,-1,-1,-1
16,40,570.43,144.64,17.74,48.90,1,-1,-1,-1
16,37,541.29,143.34,18.63,50.65,1,-1,-1,-1
16,36,495.20,144.92,15.86,43.27,1,-1,-1,-1
16,35,288.36,144.84,74.88,180.96,1,-1,-1,-1
16,31,515.17,142.27,17.55,50.27,1,-1,-1,-1
16,26,343.30,200.84,133.09,79.15,1,-1,-1,-1
16,25,393.58,193.87,90.59,75.58,1,-1,-1,-1
16,22,507.37,144.40,21.28,59.51,1,-1,-1,-1
16,14,320.45,212.05,93.57,78.78,1,-1,-1,-1
16,9,593.23,152.36,82.14,213.56,1,-1,-1,-1
16,2,664.25,146.04,73.58,219.98,1,-1,-1,-1
17,43,476.98,145.01,16.29,44.40,1,-1,-1,-1
17,42,248.26,162.53,63.68,174.68,1,-1,-1,-1
17,40,568.90,142.83,18.13,50.93,1,-1,-1,-1
17,37,538.96,143.05,19.31,52.61,1,-1,-1,-1
17,36,492.97,145.17,15.64,43.31,1,-1,-1,-1
17,35,302.72,142.68,70.56,178.46,1,-1,-1,-1
17,26,351.09,200.43,127.15,77.56,1,-1,-1,-1
17,25,387.17,191.06,93.54,75.69,1,-1,-1,-1
17,22,508.73,144.37,21.40,61.07,1,-1,-1,-1
17,14,334.19,213.10,83.97,75.67,1,-1,-1,-1
17,9,601.68,151.46,94.66,216.86,1,-1,-1,-1
17,2,675.99,146.04,80.20,222.26,1,-1,-1,-1
18,42,249.69,142.47,67.72,188.56,1,-1,-1,-1
18,40,571.32,144.62,18.04,52.13,1,-1,-1,-1
18,37,538.07,143.22,19.73,54.56,1,-1,-1,-1
18,36,493.47,146.32,14.72,40.01,1,-1,-1,-1
18,35,319.07,141.76,71.34,180.40,1,-1,-1,-1
18,33,466.69,144.99,16.78,44.54,1,-1,-1,-1
18,26,354.39,201.63,123.62,76.33,1,-1,-1,-1
18,22,512.14,145.12,20.75,61.96,1,-1,-1,-1
18,9,607.01,152.94,97.03,215.97,1,-1,-1,-1
18,2,684.12,147.25,82.66,222.60,1,-1,-1,-1
19,42,258.74,137.03,64.88,192.79,1,-1,-1,-1
19,40,573.05,145.96,18.00,51.94,1,-1,-1,-1
19,37,539.41,143.64,20.14,54.23,1,-1,-1,-1
19,36,494.75,144.79,15.03,38.45,1,-1,-1,-1
19,35,329.46,141.95,79.54,184.03,1,-1,-1,-1
19,26,336.60,206.38,132.33,73.07,1,-1,-1,-1
19,22,512.24,144.93,20.41,62.32,1,-1,-1,-1
19,9,623.89,152.07,95.47,215.89,1,-1,-1,-1
19,2,695.06,145.59,80.40,223.01,1,-1,-1,-1
20,42,269.20,130.04,70.42,204.16,1,-1,-1,-1
20,40,573.21,146.83,18.44,51.73,1,-1,-1,-1
20,36,494.28,145.46,15.16,38.01,1,-1,-1,-1
20,35,337.72,141.68,84.24,186.88,1,-1,-1,-1
20,22,512.25,145.11,21.42,64.17,1,-1,-1,-1
20,9,649.28,151.75,88.14,215.28,1,-1,-1,-1
20,2,709.95,144.19,76.00,223.06,1,-1,-1,-1
21,49,541.81,144.13,21.16,54.48,1,-1,-1,-1
21,48,-8.51,96.81,286.60,271.82,1,-1,-1,-1
21,47,454.03,142.56,20.25,49.82,1,-1,-1,-1
21,42,277.60,130.91,75.35,210.70,1,-1,-1,-1
21,40,574.34,147.45,18.27,51.46,1,-1,-1,-1
21,35,344.84,140.39,84.69,188.14,1,-1,-1,-1
21,25,398.96,197.64,88.18,76.06,1,-1,-1,-1
21,22,513.39,144.32,22.14,65.41,1,-1,-1,-1
21,9,668.72,150.87,85.83,215.95,1,-1,-1,-1
21,2,727.29,142.92,75.37,224.26,1,-1,-1,-1
22,50,1026.15,142.32,110.49,232.85,1,-1,-1,-1
22,49,543.74,144.29,21.21,54.32,1,-1,-1,-1
22,48,-6.24,95.19,284.93,274.51,1,-1,-1,-1
22,47,448.27,143.78,22.03,50.48,1,-1,-1,-1
22,42,284.02,131.40,75.76,210.38,1,-1,-1,-1
22,40,575.79,147.12,18.95,52.34,1,-1,-1,-1
22,35,361.74,140.95,77.31,184.95,1,-1,-1,-1
22,25,406.99,195.58,82.87,76.55,1,-1,-1,-1
22,22,516.09,142.84,22.22,65.35,1,-1,-1,-1
22,9,688.29,149.84,92.37,217.59,1,-1,-1,-1
22,2,745.88,143.53,76.79,224.81,1,-1,-1,-1
23,50,986.33,142.52,127.88,236.17,1,-1,-1,-1
23,49,545.07,145.06,20.93,53.57,1,-1,-1,-1
23,48,-6.94,82.28,261.92,233.17,1,-1,-1,-1
23,47,440.18,142.66,24.08,51.39,1,-1,-1,-1
23,42,289.94,132.02,77.27,211.80,1,-1,-1,-1
23,40,576.21,147.13,20.66,53.02,1,-1,-1,-1
23,35,382.86,143.14,73.74,185.00,1,-1,-1,-1
23,25,414.64,199.49,75.99,74.14,1,-1,-1,-1
23,22,517.47,143.73,21.93,66.30,1,-1,-1,-1
23,9,698.46,150.51,101.97,218.29,1,-1,-1,-1
23,2,762.31,145.73,82.36,224.04,1,-1,-1,-1
24,56,480.57,144.97,15.04,37.05,1,-1,-1,-1
24,53,249.71,221.49,68.95,75.25,1,-1,-1,-1
24,50,954.02,145.10,129.38,232.00,1,-1,-1,-1
24,49,546.34,145.71,20.67,52.10,1,-1,-1,-1
24,48,-4.47,95.92,268.81,247.76,1,-1,-1,-1
24,47,438.40,141.30,25.70,50.85,1,-1,-1,-1
24,42,308.09,131.05,77.79,213.70,1,-1,-1,-1
24,40,575.83,146.99,22.61,53.49,1,-1,-1,-1
24,35,394.73,143.55,79.24,187.66,1,-1,-1,-1
24,25,418.68,202.47,69.97,70.01,1,-1,-1,-1
24,22,518.13,143.36,21.95,67.31,1,-1,-1,-1
24,9,701.83,149.96,107.41,219.29,1,-1,-1,-1
24,2,777.15,145.26,80.48,223.93,1,-1,-1,-1
25,56,478.30,144.63,15.84,37.18,1,-1,-1,-1
25,53,248.96,220.28,72.49,79.07,1,-1,-1,-1
25,50,932.14,148.43,114.30,222.89,1,-1,-1,-1
25,49,546.65,146.34,20.20,51.21,1,-1,-1,-1
25,48,-4.24,87.28,255.33,220.33,1,-1,-1,-1
25,42,323.29,130.10,74.68,214.59,1,-1,-1,-1
25,40,576.95,147.09,23.24,53.54,1,-1,-1,-1
25,35,404.20,143.98,83.85,189.09,1,-1,-1,-1
25,25,405.39,200.67,75.53,67.97,1,-1,-1,-1
25,22,519.85,142.26,22.25,66.80,1,-1,-1,-1
25,9,717.88,148.28,102.80,219.81,1,-1,-1,-1
25,2,792.15,144.53,75.52,223.75,1,-1,-1,-1
26,59,545.86,147.64,19.05,50.01,1,-1,-1,-1
26,56,477.78,143.85,16.88,37.99,1,-1,-1,-1
26,53,248.81,220.54,73.29,79.94,1,-1,-1,-1
26,50,913.07,151.43,103.34,216.67,1,-1,-1,-1
26,48,-2.39,87.24,245.11,202.70,1,-1,-1,-1
26,42,332.92,130.66,79.25,216.77,1,-1,-1,-1
26,40,577.77,147.71,23.39,53.21,1,-1,-1,-1
26,35,415.35,143.65,86.50,191.31,1,-1,-1,-1
26,25,398.84,204.94,76.88,69.03,1,-1,-1,-1
26,22,520.31,142.87,23.40,67.24,1,-1,-1,-1
26,9,742.80,147.40,95.62,219.90,1,-1,-1,-1
26,2,808.02,142.46,76.05,225.30,1,-1,-1,-1
27,59,543.67,147.06,18.60,51.21,1,-1,-1,-1
27,53,249.03,221.62,72.66,79.46,1,-1,-1,-1
27,50,881.22,149.86,113.64,220.42,1,-1,-1,-1
27,42,341.23,130.49,84.64,220.04,1,-1,-1,-1
27,40,580.09,147.80,22.43,52.25,1,-1,-1,-1
27,35,432.24,144.29,81.10,190.39,1,-1,-1,-1
27,25,399.14,208.60,72.68,67.46,1,-1,-1,-1
27,22,521.05,142.69,23.41,67.69,1,-1,-1,-1
27,9,753.12,146.68,95.72,221.02,1,-1,-1,-1
27,2,827.52,140.42,82.06,227.67,1,-1,-1,-1
28,63,500.69,141.10,16.09,38.08,1,-1,-1,-1
28,59,546.76,148.27,17.97,50.47,1,-1,-1,-1
28,53,248.40,221.56,72.45,79.85,1,-1,-1,-1
28,50,854.35,144.46,127.70,226.94,1,-1,-1,-1
28,42,352.39,130.19,81.36,219.36,1,-1,-1,-1
28,40,580.59,148.34,22.04,52.18,1,-1,-1,-1
28,35,448.89,143.94,76.02,190.06,1,-1,-1,-1
28,25,405.87,205.27,68.05,68.67,1,-1,-1,-1
28,9,760.00,147.85,100.13,221.12,1,-1,-1,-1
28,2,840.71,142.13,81.40,227.05,1,-1,-1,-1
29,63,503.95,142.07,16.12,37.09,1,-1,-1,-1
29,59,542.07,148.12,18.56,54.57,1,-1,-1,-1
29,53,249.00,221.53,72.73,80.62,1,-1,-1,-1
29,50,844.77,144.50,121.03,224.86,1,-1,-1,-1
29,49,550.22,148.22,18.02,51.44,1,-1,-1,-1
29,42,364.43,129.49,79.73,220.22,1,-1,-1,-1
29,40,581.84,148.14,21.27,52.29,1,-1,-1,-1
29,35,468.02,154.09,79.66,184.54,1,-1,-1,-1
29,25,414.19,199.40,66.27,72.65,1,-1,-1,-1
29,9,772.89,149.71,103.92,220.19,1,-1,-1,-1
29,2,863.00,131.16,90.02,189.74,1,-1,-1,-1
30,71,282.16,191.83,99.93,95.03,1,-1,-1,-1
30,63,500.53,141.49,18.65,39.64,1,-1,-1,-1
30,53,249.23,221.90,72.92,80.95,1,-1,-1,-1
30,50,808.74,146.34,118.78,223.03,1,-1,-1,-1
30,49,554.06,143.13,17.55,50.09,1,-1,-1,-1
30,48,-0.54,102.68,268.48,252.79,1,-1,-1,-1
30,42,380.56,130.79,76.21,223.58,1,-1,-1,-1
30,40,582.61,148.25,21.06,52.86,1,-1,-1,-1
30,35,476.29,153.58,83.84,186.86,1,-1,-1,-1
30,25,424.27,203.14,61.75,69.90,1,-1,-1,-1
31,71,281.80,190.03,104.99,97.31,1,-1,-1,-1
31,63,500.08,140.33,17.59,39.85,1,-1,-1,-1
31,62,316.50,144.60,22.46,31.65,1,-1,-1,-1
31,53,248.93,221.59,73.49,80.75,1,-1,-1,-1
31,50,776.37,152.43,106.37,216.87,1,-1,-1,-1
31,48,-1.22,101.11,269.88,258.99,1,-1,-1,-1
31,42,391.80,131.64,79.71,228.90,1,-1,-1,-1
31,40,583.62,148.15,20.98,53.27,1,-1,-1,-1
31,35,482.00,151.43,82.35,189.23,1,-1,-1,-1
31,25,431.56,204.32,56.48,67.55,1,-1,-1,-1
31,22,529.64,137.85,22.78,62.15,1,-1,-1,-1
32,74,917.64,146.91,83.93,212.83,1,-1,-1,-1
32,71,281.82,190.38,112.51,99.06,1,-1,-1,-1
32,62,316.30,145.25,22.87,31.56,1,-1,-1,-1
32,53,248.04,220.58,74.16,81.48,1,-1,-1,-1
32,50,754.83,155.98,110.63,213.37,1,-1,-1,-1
32,48,-1.45,99.08,269.64,263.37,1,-1,-1,-1
32,42,398.42,132.30,86.54,232.79,1,-1,-1,-1
32,40,584.83,148.75,20.13,53.32,1,-1,-1,-1
32,35,497.03,151.57,76.81,188.80,1,-1,-1,-1
32,25,440.22,208.47,49.57,61.81,1,-1,-1,-1
32,22,526.10,137.13,22.97,54.33,1,-1,-1,-1
33,74,937.08,145.91,81.04,213.91,1,-1,-1,-1
33,71,279.93,187.45,122.31,104.63,1,-1,-1,-1
33,62,315.17,144.59,22.20,30.45,1,-1,-1,-1
33,53,247.30,219.49,75.37,82.42,1,-1,-1,-1
33,50,741.18,156.82,106.72,209.08,1,-1,-1,-1
33,48,-1.90,98.57,269.51,266.01,1,-1,-1,-1
33,42,412.05,132.48,85.20,234.31,1,-1,-1,-1
33,40,586.05,149.26,19.47,52.86,1,-1,-1,-1
33,35,516.98,155.93,70.79,190.27,1,-1,-1,-1
33,22,523.70,136.07,22.04,50.42,1,-1,-1,-1
33,9,874.87,146.41,114.52,222.29,1,-1,-1,-1
34,84,335.98,186.97,94.50,82.02,1,-1,-1,-1
34,83,360.46,142.78,34.20,31.71,1,-1,-1,-1
34,74,963.50,146.28,80.92,216.06,1,-1,-1,-1
34,71,277.61,190.36,126.34,103.44,1,-1,-1,-1
34,53,247.21,218.71,75.57,82.49,1,-1,-1,-1
34,50,723.47,155.72,92.99,203.76,1,-1,-1,-1
34,48,-1.52,96.89,269.08,268.26,1,-1,-1,-1
34,42,424.58,130.83,81.41,234.26,1,-1,-1,-1
34,40,586.98,147.77,20.64,52.04,1,-1,-1,-1
34,35,535.84,152.67,75.28,195.27,1,-1,-1,-1
34,22,523.65,138.34,22.68,53.87,1,-1,-1,-1
34,9,888.71,147.38,116.69,221.61,1,-1,-1,-1
35,83,352.14,143.09,32.46,29.63,1,-1,-1,-1
35,74,990.05,145.54,83.69,219.61,1,-1,-1,-1
35,71,276.08,190.46,127.20,102.11,1,-1,-1,-1
35,53,247.28,218.39,75.97,82.61,1,-1,-1,-1
35,50,700.57,155.75,92.57,200.56,1,-1,-1,-1
35,48,-1.02,95.44,269.18,270.31,1,-1,-1,-1
35,42,444.41,128.39,80.28,233.06,1,-1,-1,-1
35,40,590.91,146.29,19.39,47.68,1,-1,-1,-1
35,35,546.28,154.36,82.54,199.71,1,-1,-1,-1
35,22,524.15,139.72,23.22,57.85,1,-1,-1,-1
35,9,915.95,148.63,115.27,221.02,1,-1,-1,-1
36,74,1016.40,144.75,84.36,221.12,1,-1,-1,-1
36,71,275.52,189.26,126.87,101.90,1,-1,-1,-1
36,53,246.19,217.89,76.83,83.35,1,-1,-1,-1
36,50,677.69,158.38,101.92,197.55,1,-1,-1,-1
36,48,-0.13,94.79,270.22,271.25,1,-1,-1,-1
36,42,460.64,129.77,79.08,234.18,1,-1,-1,-1
36,35,556.64,153.08,87.24,204.55,1,-1,-1,-1
36,22,523.79,141.52,22.75,60.28,1,-1,-1,-1
36,9,943.29,147.40,113.85,221.69,1,-1,-1,-1
37,74,1042.84,144.51,82.27,220.83,1,-1,-1,-1
37,71,275.81,189.46,127.21,101.58,1,-1,-1,-1
37,53,246.34,217.44,77.46,83.64,1,-1,-1,-1
37,50,665.42,158.01,101.60,194.20,1,-1,-1,-1
37,48,-0.25,94.57,270.45,272.09,1,-1,-1,-1
37,42,471.50,134.59,82.76,232.60,1,-1,-1,-1
37,35,573.04,151.33,84.37,205.99,1,-1,-1,-1
37,22,527.35,138.66,21.38,53.99,1,-1,-1,-1
37,9,965.94,146.11,114.17,222.30,1,-1,-1,-1
38,95,294.28,148.40,23.15,29.70,1,-1,-1,-1
38,93,355.27,188.79,120.47,89.84,1,-1,-1,-1
38,84,346.34,175.65,130.63,96.82,1,-1,-1,-1
38,74,1071.01,142.10,78.64,221.22,1,-1,-1,-1
38,71,275.98,187.26,128.10,103.12,1,-1,-1,-1
38,53,246.28,216.83,77.97,84.30,1,-1,-1,-1
38,50,647.40,157.53,88.64,189.98,1,-1,-1,-1
38,48,-0.33,93.75,270.54,272.72,1,-1,-1,-1
38,42,478.80,134.43,88.02,234.06,1,-1,-1,-1
38,35,589.46,148.74,80.84,208.72,1,-1,-1,-1
38,9,993.77,144.40,118.89,223.62,1,-1,-1,-1
39,98,282.15,201.36,125.00,89.58,1,-1,-1,-1
39,95,294.98,148.53,21.35,27.47,1,-1,-1,-1
39,93,348.69,190.35,125.52,89.47,1,-1,-1,-1
39,84,342.70,176.00,135.24,95.53,1,-1,-1,-1
39,71,274.87,187.36,128.51,102.50,1,-1,-1,-1
39,53,246.46,217.32,78.67,84.01,1,-1,-1,-1
39,50,636.01,160.98,77.67,187.12,1,-1,-1,-1
39,42,493.95,132.09,87.63,235.74,1,-1,-1,-1
39,35,604.36,148.68,80.26,210.03,1,-1,-1,-1
39,9,1023.75,143.18,131.21,224.78,1,-1,-1,-1
40,98,279.12,195.94,125.03,91.94,1,-1,-1,-1
40,93,345.73,193.72,127.24,87.14,1,-1,-1,-1
40,84,342.67,179.21,134.32,93.59,1,-1,-1,-1
40,53,245.99,218.67,78.45,83.37,1,-1,-1,-1
40,42,514.93,130.92,81.98,236.34,1,-1,-1,-1
40,35,614.55,149.14,91.58,214.65,1,-1,-1,-1
40,9,1050.66,145.18,138.25,223.92,1,-1,-1,-1
41,98,277.38,192.25,125.15,94.43,1,-1,-1,-1
41,93,341.65,194.56,129.45,85.77,1,-1,-1,-1
41,84,344.30,178.99,133.11,92.39,1,-1,-1,-1
41,53,246.69,218.28,78.64,83.46,1,-1,-1,-1
41,42,532.03,130.26,81.04,237.71,1,-1,-1,-1
41,35,625.78,149.96,90.59,216.03,1,-1,-1,-1
41,22,523.21,139.07,23.48,55.84,1,-1,-1,-1
41,9,1076.53,144.75,139.38,224.12,1,-1,-1,-1
42,103,491.23,142.95,16.69,40.44,1,-1,-1,-1
42,100,408.93,195.02,75.01,71.34,1,-1,-1,-1
42,98,277.77,192.43,123.93,94.72,1,-1,-1,-1
42,93,336.70,196.46,132.44,84.91,1,-1,-1,-1
42,84,343.87,180.20,132.46,90.80,1,-1,-1,-1
42,53,247.38,218.65,78.45,83.30,1,-1,-1,-1
42,42,551.35,131.27,85.42,238.03,1,-1,-1,-1
42,35,637.47,147.64,86.66,217.51,1,-1,-1,-1
42,22,522.87,140.34,24.58,60.57,1,-1,-1,-1
42,9,1098.12,144.04,134.75,224.03,1,-1,-1,-1
43,108,428.29,146.91,18.96,32.29,1,-1,-1,-1
43,100,409.80,193.41,74.84,71.59,1,-1,-1,-1
43,93,335.76,195.67,134.18,84.91,1,-1,-1,-1
43,71,278.67,197.86,130.92,97.19,1,-1,-1,-1
43,53,249.00,222.25,77.15,81.22,1,-1,-1,-1
43,42,557.07,132.09,88.96,237.86,1,-1,-1,-1
43,35,658.68,145.96,82.12,219.24,1,-1,-1,-1
43,22,524.15,140.95,24.54,62.94,1,-1,-1,-1
43,9,1123.21,144.40,121.31,223.80,1,-1,-1,-1
44,114,456.47,144.01,15.57,37.02,1,-1,-1,-1
44,113,1.25,96.08,267.48,269.19,1,-1,-1,-1
44,110,515.24,147.75,15.38,36.13,1,-1,-1,-1
44,100,412.40,193.14,73.56,71.78,1,-1,-1,-1
44,93,334.14,194.22,137.11,85.44,1,-1,-1,-1
44,71,274.57,197.82,132.87,97.09,1,-1,-1,-1
44,53,247.90,218.24,77.71,83.21,1,-1,-1,-1
44,42,569.42,132.03,89.67,237.80,1,-1,-1,-1
44,35,681.43,146.02,84.77,220.89,1,-1,-1,-1
44,22,524.58,140.12,24.47,65.58,1,-1,-1,-1
44,9,1140.32,165.16,108.21,213.90,1,-1,-1,-1
45,114,454.89,144.64,15.42,36.70,1,-1,-1,-1
45,110,516.90,147.02,15.80,37.01,1,-1,-1,-1
45,100,410.96,194.18,73.76,70.60,1,-1,-1,-1
45,93,295.05,195.21,133.03,87.84,1,-1,-1,-1
45,71,280.77,197.76,132.12,95.53,1,-1,-1,-1
45,53,246.11,218.74,77.91,83.26,1,-1,-1,-1
45,42,586.21,129.63,89.58,238.95,1,-1,-1,-1
45,35,696.20,146.97,90.46,221.24,1,-1,-1,-1
45,22,525.89,133.25,24.05,57.12,1,-1,-1,-1
46,116,473.27,142.60,15.44,39.60,1,-1,-1,-1
46,114,450.99,145.47,15.84,36.99,1,-1,-1,-1
46,100,404.80,191.92,76.43,70.41,1,-1,-1,-1
46,93,325.88,186.98,130.16,86.35,1,-1,-1,-1
46,84,354.95,193.08,124.64,85.16,1,-1,-1,-1
46,71,276.11,199.12,132.89,95.32,1,-1,-1,-1
46,53,246.17,217.18,78.27,83.66,1,-1,-1,-1
46,42,613.60,126.23,89.36,241.15,1,-1,-1,-1
46,35,705.79,146.72,97.94,222.03,1,-1,-1,-1
46,22,527.39,134.02,23.15,55.34,1,-1,-1,-1
47,122,602.05,148.71,21.31,60.49,1,-1,-1,-1
47,120,483.15,169.46,63.21,156.21,1,-1,-1,-1
47,119,552.47,145.65,20.31,66.99,1,-1,-1,-1
47,118,568.53,143.80,28.55,82.49,1,-1,-1,-1
47,114,448.89,146.99,15.59,35.98,1,-1,-1,-1
47,108,406.18,145.10,22.16,35.75,1,-1,-1,-1
47,100,408.17,194.08,76.12,71.14,1,-1,-1,-1
47,84,352.33,198.69,122.42,82.08,1,-1,-1,-1
47,71,279.53,198.74,132.39,94.61,1,-1,-1,-1
47,53,247.13,217.21,78.06,83.95,1,-1,-1,-1
47,42,630.07,124.88,90.09,242.44,1,-1,-1,-1
47,35,721.44,144.74,99.55,223.38,1,-1,-1,-1
47,22,526.69,139.64,23.62,59.21,1,-1,-1,-1
48,122,604.77,148.62,21.59,61.59,1,-1,-1,-1
48,120,454.11,161.49,72.31,171.42,1,-1,-1,-1
48,119,554.03,144.70,19.83,65.69,1,-1,-1,-1
48,118,571.91,143.84,28.52,83.38,1,-1,-1,-1
48,114,449.93,146.55,15.83,34.89,1,-1,-1,-1
48,113,-0.18,95.72,266.95,269.65,1,-1,-1,-1
48,108,399.98,145.65,21.27,34.25,1,-1,-1,-1
48,84,356.03,199.42,119.39,80.05,1,-1,-1,-1
48,71,273.94,198.24,133.68,95.57,1,-1,-1,-1
48,53,245.94,213.49,78.84,86.59,1,-1,-1,-1
48,42,642.52,126.52,94.00,242.30,1,-1,-1,-1
48,35,741.30,143.18,95.25,224.45,1,-1,-1,-1
48,22,526.14,141.66,23.52,61.80,1,-1,-1,-1
49,122,608.03,147.78,22.38,63.35,1,-1,-1,-1
49,120,425.67,151.68,87.78,189.13,1,-1,-1,-1
49,118,574.37,142.95,28.56,85.07,1,-1,-1,-1
49,113,-0.14,95.28,265.14,268.89,1,-1,-1,-1
49,108,395.22,146.06,20.44,33.18,1,-1,-1,-1
49,84,363.22,199.33,110.87,79.03,1,-1,-1,-1
49,71,272.79,200.38,134.16,94.90,1,-1,-1,-1
49,53,246.23,215.46,78.38,86.33,1,-1,-1,-1
49,42,650.90,127.17,100.19,242.49,1,-1,-1,-1
49,35,756.78,141.00,91.89,226.00,1,-1,-1,-1
49,22,527.43,141.08,23.73,64.51,1,-1,-1,-1
50,122,609.49,147.04,24.01,65.27,1,-1,-1,-1
50,120,413.22,151.58,85.52,186.70,1,-1,-1,-1
50,118,578.45,140.82,28.32,86.60,1,-1,-1,-1
50,113,0.72,94.64,265.46,269.33,1,-1,-1,-1
50,108,389.98,146.13,20.24,32.14,1,-1,-1,-1
50,84,365.43,200.10,106.21,79.23,1,-1,-1,-1
50,71,269.08,201.03,135.70,95.10,1,-1,-1,-1
50,53,249.06,219.39,78.04,83.78,1,-1,-1,-1
50,42,676.03,125.44,105.70,243.85,1,-1,-1,-1
50,35,775.92,141.77,97.47,226.20,1,-1,-1,-1
50,22,529.04,139.97,23.72,67.59,1,-1,-1,-1
51,132,500.00,146.91,19.04,39.23,1,-1,-1,-1
51,130,559.01,143.51,20.98,66.90,1,-1,-1,-1
51,122,611.65,146.64,24.53,65.34,1,-1,-1,-1
51,120,396.05,152.88,75.87,180.29,1,-1,-1,-1
51,118,581.44,141.38,26.93,85.56,1,-1,-1,-1
51,113,0.44,95.50,265.75,269.32,1,-1,-1,-1
51,108,383.27,146.17,19.39,29.56,1,-1,-1,-1
51,71,267.44,199.55,137.92,95.74,1,-1,-1,-1
51,53,247.57,214.99,78.99,85.50,1,-1,-1,-1
51,42,701.53,122.90,103.42,245.21,1,-1,-1,-1
51,35,788.90,143.25,98.56,225.84,1,-1,-1,-1
51,22,529.24,139.24,24.07,70.51,1,-1,-1,-1
52,130,560.04,144.59,21.82,67.85,1,-1,-1,-1
52,122,612.20,147.07,24.60,64.65,1,-1,-1,-1
52,120,377.55,155.14,71.84,176.68,1,-1,-1,-1
52,118,583.51,142.95,27.68,86.32,1,-1,-1,-1
52,113,0.52,95.27,266.51,269.67,1,-1,-1,-1
52,71,271.34,193.72,129.59,95.61,1,-1,-1,-1
52,53,246.86,214.44,78.56,85.80,1,-1,-1,-1
52,42,718.35,122.27,98.88,245.71,1,-1,-1,-1
52,35,802.00,142.30,100.92,226.34,1,-1,-1,-1
52,22,530.70,138.53,24.46,71.96,1,-1,-1,-1
53,133,325.99,216.19,68.81,62.62,1,-1,-1,-1
53,130,560.40,145.31,22.52,67.71,1,-1,-1,-1
53,122,612.65,147.75,23.96,64.28,1,-1,-1,-1
53,120,351.09,152.97,82.93,181.36,1,-1,-1,-1
53,118,584.80,143.88,28.39,87.63,1,-1,-1,-1
53,113,1.35,95.11,267.49,269.99,1,-1,-1,-1
53,71,271.94,192.51,118.78,92.73,1,-1,-1,-1
53,53,247.73,216.27,77.83,85.20,1,-1,-1,-1
53,42,731.77,122.74,97.89,245.70,1,-1,-1,-1
53,35,832.81,140.29,91.80,226.66,1,-1,-1,-1
53,22,531.09,139.31,24.62,72.97,1,-1,-1,-1
54,139,399.23,192.66,78.95,84.85,1,-1,-1,-1
54,130,560.48,144.89,23.48,69.65,1,-1,-1,-1
54,122,614.74,147.06,23.31,64.45,1,-1,-1,-1
54,120,337.45,153.78,89.72,181.40,1,-1,-1,-1
54,118,587.24,142.33,29.23,89.18,1,-1,-1,-1
54,113,0.96,96.16,267.07,269.59,1,-1,-1,-1
54,71,271.93,192.01,106.51,89.81,1,-1,-1,-1
54,53,250.43,219.40,76.71,83.29,1,-1,-1,-1
54,42,745.20,122.82,102.39,246.00,1,-1,-1,-1
54,35,861.71,138.97,89.76,227.90,1,-1,-1,-1
54,22,531.78,138.15,24.66,74.64,1,-1,-1,-1
55,139,380.01,196.54,91.81,85.12,1,-1,-1,-1
55,130,561.02,144.08,24.05,71.06,1,-1,-1,-1
55,122,616.43,147.45,23.22,64.93,1,-1,-1,-1
55,120,325.05,154.55,81.19,177.35,1,-1,-1,-1
55,118,587.86,140.87,31.00,92.36,1,-1,-1,-1
55,113,0.06,96.10,265.36,269.23,1,-1,-1,-1
55,53,251.97,221.21,75.36,81.33,1,-1,-1,-1
55,42,761.10,120.82,108.18,247.52,1,-1,-1,-1
55,35,886.82,140.34,98.97,228.09,1,-1,-1,-1
55,22,531.63,136.98,25.10,76.35,1,-1,-1,-1
56,139,366.07,198.25,102.68,85.82,1,-1,-1,-1
56,130,561.87,144.48,24.36,70.77,1,-1,-1,-1
56,122,620.26,148.16,22.94,65.04,1,-1,-1,-1
56,120,309.70,154.66,72.56,174.24,1,-1,-1,-1
56,118,589.48,140.87,32.90,93.98,1,-1,-1,-1
56,113,0.99,96.01,265.88,269.18,1,-1,-1,-1
56,53,251.53,219.97,75.48,81.48,1,-1,-1,-1
56,42,786.91,118.12,107.11,249.17,1,-1,-1,-1
56,35,907.68,142.13,115.15,226.97,1,-1,-1,-1
56,22,533.11,137.60,24.91,77.52,1,-1,-1,-1
57,139,355.35,196.49,112.84,87.46,1,-1,-1,-1
57,130,565.25,145.46,24.08,70.22,1,-1,-1,-1
57,122,623.14,149.52,21.79,65.16,1,-1,-1,-1
57,120,294.45,155.31,71.83,173.27,1,-1,-1,-1
57,118,592.42,143.21,33.13,92.90,1,-1,-1,-1
57,113,1.43,96.54,266.50,269.03,1,-1,-1,-1
57,53,268.47,219.43,93.82,83.53,1,-1,-1,-1
57,42,815.64,114.40,108.85,252.02,1,-1,-1,-1
57,35,935.76,142.05,122.18,226.98,1,-1,-1,-1
57,22,534.67,138.75,25.24,78.24,1,-1,-1,-1
58,139,346.02,195.95,120.96,88.24,1,-1,-1,-1
58,130,568.68,147.63,24.12,69.44,1,-1,-1,-1
58,122,626.20,148.42,20.69,64.80,1,-1,-1,-1
58,120,273.97,156.57,76.39,172.07,1,-1,-1,-1
58,118,596.87,144.29,33.62,93.37,1,-1,-1,-1
58,53,273.02,215.50,107.10,83.71,1,-1,-1,-1
58,42,838.09,114.90,109.08,252.53,1,-1,-1,-1
58,35,966.98,138.91,119.87,228.57,1,-1,-1,-1
58,22,536.23,139.45,25.10,78.33,1,-1,-1,-1
59,139,331.19,196.28,132.16,88.91,1,-1,-1,-1
59,130,568.56,146.21,24.30,70.73,1,-1,-1,-1
59,122,630.19,147.61,20.07,64.98,1,-1,-1,-1
59,120,259.17,155.57,71.00,168.84,1,-1,-1,-1
59,118,598.89,142.60,33.68,93.41,1,-1,-1,-1
59,53,277.28,211.45,114.36,83.83,1,-1,-1,-1
59,42,856.11,115.75,114.63,252.29,1,-1,-1,-1
59,35,990.57,135.98,113.73,230.60,1,-1,-1,-1
59,22,537.71,138.85,25.35,79.14,1,-1,-1,-1
60,153,394.21,195.74,85.08,75.52,1,-1,-1,-1
60,151,296.45,201.89,105.65,89.66,1,-1,-1,-1
60,139,322.20,197.16,140.14,88.80,1,-1,-1,-1
60,130,568.94,146.28,24.10,71.57,1,-1,-1,-1
60,120,243.71,153.73,67.93,166.79,1,-1,-1,-1
60,118,603.09,142.70,33.09,94.29,1,-1,-1,-1
60,42,892.44,116.77,113.35,251.78,1,-1,-1,-1
60,35,1016.92,135.04,114.13,231.92,1,-1,-1,-1
60,22,539.99,138.30,25.28,80.34,1,-1,-1,-1
61,155,399.63,146.25,19.10,36.46,1,-1,-1,-1
61,153,388.82,193.78,90.10,77.80,1,-1,-1,-1
61,151,289.81,196.14,113.23,95.12,1,-1,-1,-1
61,139,321.95,195.87,143.97,88.77,1,-1,-1,-1
61,130,569.24,146.40,24.17,71.62,1,-1,-1,-1
61,120,238.69,155.56,62.92,163.44,1,-1,-1,-1
61,118,608.66,142.78,32.62,90.92,1,-1,-1,-1
61,42,924.46,114.42,113.93,253.09,1,-1,-1,-1
61,35,1044.12,137.67,114.88,230.80,1,-1,-1,-1
61,22,541.56,138.76,25.34,81.59,1,-1,-1,-1
62,155,396.84,145.84,18.85,35.50,1,-1,-1,-1
62,153,388.18,193.77,92.09,78.11,1,-1,-1,-1
62,151,283.08,194.93,120.29,97.78,1,-1,-1,-1
62,143,457.86,141.54,20.01,48.25,1,-1,-1,-1
62,139,328.71,194.80,143.29,88.17,1,-1,-1,-1
62,130,570.94,146.29,24.85,72.94,1,-1,-1,-1
62,120,228.60,150.00,64.50,166.65,1,-1,-1,-1
62,118,611.19,145.54,34.23,94.01,1,-1,-1,-1
62,42,952.01,109.90,118.06,256.33,1,-1,-1,-1
62,35,1078.74,137.42,116.89,230.84,1,-1,-1,-1
62,22,542.53,138.34,26.00,83.13,1,-1,-1,-1
63,155,394.00,145.34,18.44,33.56,1,-1,-1,-1
63,153,374.83,192.02,100.16,80.45,1,-1,-1,-1
63,151,276.93,193.94,126.64,99.79,1,-1,-1,-1
63,143,456.29,141.35,20.40,48.36,1,-1,-1,-1
63,139,326.55,194.68,145.56,88.22,1,-1,-1,-1
63,130,571.22,145.08,26.14,74.98,1,-1,-1,-1
63,122,639.31,149.11,20.44,60.27,1,-1,-1,-1
63,118,615.29,147.10,35.75,96.79,1,-1,-1,-1
63,42,976.08,107.57,123.99,258.69,1,-1,-1,-1
63,35,1114.34,133.47,111.68,232.85,1,-1,-1,-1
63,22,541.79,138.32,27.00,83.92,1,-1,-1,-1
64,161,250.77,223.27,71.32,80.87,1,-1,-1,-1
64,160,520.17,144.03,13.46,31.30,1,-1,-1,-1
64,155,390.23,144.78,17.92,32.31,1,-1,-1,-1
64,153,378.86,192.84,99.48,79.46,1,-1,-1,-1
64,151,276.28,194.39,128.83,100.24,1,-1,-1,-1
64,143,453.67,140.98,20.55,48.99,1,-1,-1,-1
64,139,334.99,195.18,141.10,87.32,1,-1,-1,-1
64,130,573.24,144.35,27.36,76.46,1,-1,-1,-1
64,122,642.20,148.30,20.06,60.17,1,-1,-1,-1
64,118,617.71,146.32,35.63,98.67,1,-1,-1,-1
64,42,1002.24,109.25,129.97,258.53,1,-1,-1,-1
64,35,1146.77,131.10,96.96,234.07,1,-1,-1,-1
64,22,541.82,138.59,27.50,84.04,1,-1,-1,-1
65,161,249.08,223.29,73.78,81.12,1,-1,-1,-1
65,160,518.35,143.40,13.59,31.56,1,-1,-1,-1
65,155,390.37,144.49,17.08,30.57,1,-1,-1,-1
65,153,392.13,193.54,92.70,77.31,1,-1,-1,-1
65,151,268.51,196.95,133.92,100.23,1,-1,-1,-1
65,143,450.59,141.36,20.23,49.04,1,-1,-1,-1
65,139,333.58,194.41,140.92,87.21,1,-1,-1,-1
65,130,574.71,144.19,27.62,77.62,1,-1,-1,-1
65,118,624.83,145.11,35.09,99.99,1,-1,-1,-1
65,42,1038.23,109.89,133.96,258.28,1,-1,-1,-1
65,22,543.08,137.97,27.00,84.88,1,-1,-1,-1
66,161,247.68,222.06,75.26,81.29,1,-1,-1,-1
66,160,516.60,142.47,14.73,33.53,1,-1,-1,-1
66,153,387.83,192.89,93.99,77.99,1,-1,-1,-1
66,151,263.39,196.10,138.47,101.72,1,-1,-1,-1
66,143,447.64,142.11,20.05,49.02,1,-1,-1,-1
66,139,343.20,194.54,134.98,86.19,1,-1,-1,-1
66,130,575.03,144.20,28.57,78.03,1,-1,-1,-1
66,118,629.62,145.83,34.96,102.16,1,-1,-1,-1
66,113,0.83,96.99,265.87,268.12,1,-1,-1,-1
66,42,1078.37,107.98,134.73,259.59,1,-1,-1,-1
66,22,546.10,136.74,26.46,86.09,1,-1,-1,-1
67,164,368.86,143.47,19.12,28.36,1,-1,-1,-1
67,161,247.01,221.49,76.36,82.33,1,-1,-1,-1
67,153,385.05,191.55,95.69,79.22,1,-1,-1,-1
67,151,262.11,195.26,140.94,102.82,1,-1,-1,-1
67,143,444.76,141.61,20.01,48.82,1,-1,-1,-1
67,139,345.82,194.57,132.71,86.24,1,-1,-1,-1
67,130,575.49,145.37,29.06,78.04,1,-1,-1,-1
67,118,633.91,146.81,36.81,104.21,1,-1,-1,-1
67,113,0.07,96.67,265.50,268.54,1,-1,-1,-1
67,42,1120.13,103.39,119.91,261.71,1,-1,-1,-1
67,22,549.11,137.43,25.81,87.05,1,-1,-1,-1
68,164,364.13,145.38,19.87,29.40,1,-1,-1,-1
68,161,247.94,222.37,76.03,81.87,1,-1,-1,-1
68,153,392.49,193.08,91.14,77.83,1,-1,-1,-1
68,139,350.36,195.90,128.23,85.06,1,-1,-1,-1
68,130,578.23,145.49,29.51,78.58,1,-1,-1,-1
68,118,636.94,146.78,37.98,106.43,1,-1,-1,-1
68,113,0.86,96.86,265.78,268.45,1,-1,-1,-1
68,22,549.96,137.09,25.77,88.24,1,-1,-1,-1
69,169,277.00,200.70,126.20,93.71,1,-1,-1,-1
69,167,434.72,142.59,18.72,43.58,1,-1,-1,-1
69,164,362.05,146.05,19.24,27.64,1,-1,-1,-1
69,161,249.05,223.25,75.48,80.95,1,-1,-1,-1
69,153,384.16,191.41,94.57,78.72,1,-1,-1,-1
69,139,347.08,195.68,128.40,84.94,1,-1,-1,-1
69,130,581.94,144.71,29.09,79.55,1,-1,-1,-1
69,118,642.01,146.41,37.27,108.34,1,-1,-1,-1
69,113,1.11,97.37,265.94,268.02,1,-1,-1,-1
69,22,550.88,137.23,25.69,88.88,1,-1,-1,-1
70,169,276.68,201.84,126.41,92.63,1,-1,-1,-1
70,167,434.80,144.12,19.96,45.16,1,-1,-1,-1
70,161,250.60,226.81,73.73,77.87,1,-1,-1,-1
70,160,511.33,144.71,13.68,33.70,1,-1,-1,-1
70,153,385.33,192.80,94.53,77.74,1,-1,-1,-1
70,139,353.01,197.46,124.96,83.37,1,-1,-1,-1
70,130,583.70,145.07,29.26,79.66,1,-1,-1,-1
70,118,646.10,144.96,37.07,110.41,1,-1,-1,-1
70,113,0.62,96.81,266.27,268.49,1,-1,-1,-1
70,22,551.77,135.68,26.48,90.25,1,-1,-1,-1
71,169,277.25,199.36,126.59,93.67,1,-1,-1,-1
71,167,434.74,144.28,20.82,45.52,1,-1,-1,-1
71,161,249.33,225.16,74.52,78.86,1,-1,-1,-1
71,160,510.06,144.58,13.93,34.42,1,-1,-1,-1
71,153,378.95,191.81,96.53,77.91,1,-1,-1,-1
71,139,343.38,197.07,127.73,83.49,1,-1,-1,-1
71,130,586.11,144.98,30.22,80.72,1,-1,-1,-1
71,118,653.61,146.96,37.17,112.49,1,-1,-1,-1
71,113,0.03,96.45,265.96,268.67,1,-1,-1,-1
71,22,551.35,135.17,27.15,91.69,1,-1,-1,-1
72,169,276.53,200.03,126.98,93.67,1,-1,-1,-1
72,167,438.33,143.40,20.06,43.92,1,-1,-1,-1
72,161,250.02,225.34,74.56,78.62,1,-1,-1,-1
72,160,508.12,143.97,13.81,35.01,1,-1,-1,-1
72,153,380.20,193.29,96.67,77.57,1,-1,-1,-1
72,139,351.14,198.73,124.32,82.02,1,-1,-1,-1
72,130,587.17,146.20,31.45,80.54,1,-1,-1,-1
72,118,658.83,147.02,40.10,114.36,1,-1,-1,-1
72,113,0.01,96.50,265.92,268.15,1,-1,-1,-1
72,22,553.65,133.87,27.64,92.39,1,-1,-1,-1
73,169,277.86,199.15,126.54,93.96,1,-1,-1,-1
73,167,440.77,142.88,19.03,42.91,1,-1,-1,-1
73,161,249.20,224.80,75.03,78.59,1,-1,-1,-1
73,160,506.89,144.87,13.87,35.41,1,-1,-1,-1
73,153,381.75,193.96,96.33,77.32,1,-1,-1,-1
73,139,351.51,199.31,122.95,81.44,1,-1,-1,-1
73,130,591.06,146.98,31.03,80.63,1,-1,-1,-1
73,118,663.72,146.73,41.68,116.42,1,-1,-1,-1
73,22,553.63,133.99,27.81,92.98,1,-1,-1,-1
74,178,315.37,146.72,20.00,27.72,1,-1,-1,-1
74,169,281.78,199.74,125.47,93.20,1,-1,-1,-1
74,161,250.01,225.52,74.88,77.67,1,-1,-1,-1
74,160,506.45,144.90,13.82,35.22,1,-1,-1,-1
74,153,383.58,193.75,95.81,77.33,1,-1,-1,-1
74,139,355.31,199.50,121.03,80.77,1,-1,-1,-1
74,130,594.79,146.10,31.18,81.00,1,-1,-1,-1
74,118,672.36,146.62,40.81,117.78,1,-1,-1,-1
74,22,552.94,134.63,28.00,94.42,1,-1,-1,-1
75,181,529.87,146.94,15.09,37.16,1,-1,-1,-1
75,178,318.57,148.74,20.39,28.66,1,-1,-1,-1
75,169,279.09,199.05,126.36,93.92,1,-1,-1,-1
75,161,249.23,223.59,75.53,78.84,1,-1,-1,-1
75,160,503.00,145.51,13.70,34.89,1,-1,-1,-1
75,153,381.84,193.22,96.73,77.85,1,-1,-1,-1
75,139,351.98,196.73,122.05,81.91,1,-1,-1,-1
75,130,598.61,145.92,30.06,81.31,1,-1,-1,-1
75,118,676.96,145.44,41.21,119.72,1,-1,-1,-1
75,22,552.28,134.76,28.61,95.79,1,-1,-1,-1
76,185,661.84,149.59,23.43,77.16,1,-1,-1,-1
76,169,279.16,200.76,126.00,93.00,1,-1,-1,-1
76,161,249.75,225.24,74.91,78.17,1,-1,-1,-1
76,160,499.96,145.75,13.89,34.74,1,-1,-1,-1
76,153,391.29,193.50,92.42,76.57,1,-1,-1,-1
76,139,353.45,198.14,121.96,81.68,1,-1,-1,-1
76,130,603.48,145.95,31.33,82.31,1,-1,-1,-1
76,118,682.45,145.51,43.53,120.82,1,-1,-1,-1
76,113,0.93,96.85,266.20,268.12,1,-1,-1,-1
76,22,552.36,134.45,28.79,97.46,1,-1,-1,-1
77,185,667.27,149.49,23.73,77.30,1,-1,-1,-1
77,169,280.18,200.51,125.32,92.86,1,-1,-1,-1
77,161,250.07,226.54,74.45,77.51,1,-1,-1,-1
77,160,498.00,145.41,13.76,34.84,1,-1,-1,-1
77,153,389.58,194.51,92.27,75.85,1,-1,-1,-1
77,143,426.55,142.20,19.30,46.63,1,-1,-1,-1
77,139,356.01,198.61,119.78,81.24,1,-1,-1,-1
77,130,605.33,145.20,32.71,83.14,1,-1,-1,-1
77,118,687.11,146.39,46.03,122.32,1,-1,-1,-1
77,113,0.16,97.53,265.86,267.93,1,-1,-1,-1
77,22,554.49,133.58,29.19,98.07,1,-1,-1,-1
78,185,671.16,148.66,24.47,78.30,1,-1,-1,-1
78,169,279.09,198.85,126.04,93.80,1,-1,-1,-1
78,161,249.89,226.67,74.64,77.45,1,-1,-1,-1
78,160,496.23,144.82,14.05,35.48,1,-1,-1,-1
78,153,392.64,193.68,90.83,76.16,1,-1,-1,-1
78,143,425.43,141.07,18.28,45.12,1,-1,-1,-1
78,139,356.13,199.06,119.31,81.23,1,-1,-1,-1
78,130,607.13,146.82,32.85,83.63,1,-1,-1,-1
78,118,691.85,146.82,47.30,123.73,1,-1,-1,-1
78,113,-0.05,96.79,265.69,268.24,1,-1,-1,-1
78,22,555.93,133.75,28.64,99.19,1,-1,-1,-1
79,188,522.46,149.14,14.92,31.94,1,-1,-1,-1
79,185,674.31,149.50,25.06,79.90,1,-1,-1,-1
79,169,277.89,200.47,127.08,92.93,1,-1,-1,-1
79,161,248.59,223.66,75.20,78.86,1,-1,-1,-1
79,160,493.58,145.99,14.16,35.08,1,-1,-1,-1
79,153,395.03,195.42,89.15,75.58,1,-1,-1,-1
79,143,424.93,142.18,18.14,45.02,1,-1,-1,-1
79,139,358.11,200.02,117.66,80.38,1,-1,-1,-1
79,130,609.79,147.13,32.13,84.41,1,-1,-1,-1
79,118,699.82,146.46,46.31,125.73,1,-1,-1,-1
79,113,0.02,97.49,265.74,268.06,1,-1,-1,-1
79,22,558.10,134.87,28.60,100.07,1,-1,-1,-1
80,188,520.33,149.72,14.45,30.93,1,-1,-1,-1
80,185,676.28,150.11,26.05,79.71,1,-1,-1,-1
80,169,276.97,198.23,126.73,93.77,1,-1,-1,-1
80,161,247.65,222.68,75.95,79.54,1,-1,-1,-1
80,160,492.71,147.01,14.37,34.57,1,-1,-1,-1
80,153,397.59,195.00,86.99,75.26,1,-1,-1,-1
80,143,420.33,141.76,18.13,44.65,1,-1,-1,-1
80,139,359.01,199.01,117.25,80.43,1,-1,-1,-1
80,130,611.37,146.41,32.41,85.13,1,-1,-1,-1
80,118,707.51,146.30,45.69,127.76,1,-1,-1,-1
80,113,-0.30,97.67,265.23,267.72,1,-1,-1,-1
80,22,558.93,135.63,28.60,100.50,1,-1,-1,-1
81,195,513.55,149.23,13.93,29.80,1,-1,-1,-1
81,190,392.15,148.03,18.74,33.03,1,-1,-1,-1
81,185,678.18,151.93,27.06,80.06,1,-1,-1,-1
81,169,277.67,196.41,123.38,93.60,1,-1,-1,-1
81,161,249.17,223.77,75.33,79.20,1,-1,-1,-1
81,153,398.94,195.09,85.48,75.31,1,-1,-1,-1
81,139,360.75,198.27,116.00,80.84,1,-1,-1,-1
81,130,614.12,146.05,33.13,86.85,1,-1,-1,-1
81,118,711.89,147.11,48.55,130.04,1,-1,-1,-1
81,113,-0.20,97.33,265.09,267.76,1,-1,-1,-1
81,22,560.61,135.84,28.76,101.79,1,-1,-1,-1
82,195,512.93,148.72,14.15,30.74,1,-1,-1,-1
82,190,389.47,149.04,17.96,32.74,1,-1,-1,-1
82,185,679.49,152.09,26.97,80.90,1,-1,-1,-1
82,169,281.14,200.21,122.97,92.52,1,-1,-1,-1
82,161,246.36,221.97,75.83,80.64,1,-1,-1,-1
82,153,398.22,194.46,85.17,75.44,1,-1,-1,-1
82,139,357.88,198.41,117.30,81.02,1,-1,-1,-1
82,130,616.06,147.50,33.29,87.83,1,-1,-1,-1
82,118,716.19,149.31,51.68,132.23,1,-1,-1,-1
82,113,-0.21,97.80,264.86,267.73,1,-1,-1,-1
82,22,561.44,135.33,29.23,102.26,1,-1,-1,-1
83,195,509.94,147.67,14.66,31.81,1,-1,-1,-1
83,194,488.68,144.08,14.79,35.98,1,-1,-1,-1
83,190,385.58,148.87,18.15,32.22,1,-1,-1,-1
83,185,681.45,151.22,27.36,81.73,1,-1,-1,-1
83,169,279.36,201.38,124.11,92.32,1,-1,-1,-1
83,161,247.70,222.44,75.76,80.72,1,-1,-1,-1
83,153,398.36,194.42,84.54,75.82,1,-1,-1,-1
83,139,358.33,198.05,116.94,81.46,1,-1,-1,-1
83,130,617.33,146.95,34.41,89.37,1,-1,-1,-1
83,118,723.77,150.32,53.21,135.39,1,-1,-1,-1
83,113,-0.12,97.50,264.79,267.97,1,-1,-1,-1
83,22,563.37,134.56,30.22,104.00,1,-1,-1,-1
84,194,485.64,143.85,15.33,36.65,1,-1,-1,-1
84,190,382.22,148.10,18.44,31.78,1,-1,-1,-1
84,185,684.14,151.47,27.85,82.48,1,-1,-1,-1
84,169,279.61,202.79,124.48,91.47,1,-1,-1,-1
84,161,248.24,222.00,75.73,80.84,1,-1,-1,-1
84,153,400.77,195.79,82.41,75.24,1,-1,-1,-1
84,139,360.85,199.70,115.07,80.61,1,-1,-1,-1
84,130,620.01,145.44,35.00,90.78,1,-1,-1,-1
84,118,733.60,149.45,52.72,138.86,1,-1,-1,-1
84,113,0.49,97.84,265.57,267.96,1,-1,-1,-1
84,22,562.94,134.26,32.40,106.04,1,-1,-1,-1
85,194,482.51,144.84,15.54,36.31,1,-1,-1,-1
85,190,382.81,147.65,18.01,30.60,1,-1,-1,-1
85,185,687.20,152.32,28.66,83.65,1,-1,-1,-1
85,169,282.60,203.49,123.16,90.76,1,-1,-1,-1
85,161,247.96,220.39,76.06,81.80,1,-1,-1,-1
85,153,402.96,196.78,80.30,75.27,1,-1,-1,-1
85,139,363.53,199.95,112.81,80.15,1,-1,-1,-1
85,130,623.95,145.94,34.16,91.53,1,-1,-1,-1
85,118,743.66,149.08,52.16,141.40,1,-1,-1,-1
85,113,0.37,96.90,265.83,268.29,1,-1,-1,-1
85,22,562.57,135.02,34.33,108.35,1,-1,-1,-1
86,200,410.92,138.36,19.33,46.13,1,-1,-1,-1
86,198,502.89,147.09,14.19,33.30,1,-1,-1,-1
86,194,481.44,145.38,15.72,36.30,1,-1,-1,-1
86,190,384.18,147.94,17.17,29.99,1,-1,-1,-1
86,185,689.78,153.21,28.62,84.06,1,-1,-1,-1
86,169,282.70,199.24,121.73,92.11,1,-1,-1,-1
86,161,247.73,220.16,76.11,82.28,1,-1,-1,-1
86,153,406.80,195.73,77.80,75.06,1,-1,-1,-1
86,139,361.01,198.29,113.24,81.02,1,-1,-1,-1
86,130,627.59,147.63,33.71,91.68,1,-1,-1,-1
86,118,751.75,149.00,55.35,144.02,1,-1,-1,-1
86,113,-0.17,97.03,265.34,268.32,1,-1,-1,-1
86,22,562.41,135.05,36.25,110.19,1,-1,-1,-1
87,200,409.57,140.31,21.89,47.28,1,-1,-1,-1
87,198,499.72,146.94,14.75,33.73,1,-1,-1,-1
87,194,478.75,145.30,16.41,36.03,1,-1,-1,-1
87,185,693.06,151.15,29.38,85.40,1,-1,-1,-1
87,169,281.29,201.05,122.95,92.03,1,-1,-1,-1
87,161,247.60,220.93,76.02,82.03,1,-1,-1,-1
87,153,411.52,195.17,74.30,74.52,1,-1,-1,-1
87,139,359.38,197.54,114.60,81.76,1,-1,-1,-1
87,130,630.62,147.55,33.92,92.79,1,-1,-1,-1
87,118,756.68,150.35,57.72,146.55,1,-1,-1,-1
87,113,0.08,96.54,265.56,268.57,1,-1,-1,-1
87,22,568.56,133.50,34.82,111.00,1,-1,-1,-1
88,198,498.73,147.52,14.83,33.26,1,-1,-1,-1
88,194,477.26,145.42,16.00,35.47,1,-1,-1,-1
88,185,695.39,151.28,31.14,87.90,1,-1,-1,-1
88,169,274.46,202.48,126.75,92.42,1,-1,-1,-1
88,161,247.71,216.69,76.40,83.85,1,-1,-1,-1
88,153,405.14,195.12,76.41,74.62,1,-1,-1,-1
88,139,361.54,199.45,113.11,80.77,1,-1,-1,-1
88,130,633.37,146.19,34.68,93.99,1,-1,-1,-1
88,118,761.20,149.44,58.45,148.56,1,-1,-1,-1
88,113,-0.04,96.84,265.42,268.54,1,-1,-1,-1
88,22,572.34,131.83,33.70,112.11,1,-1,-1,-1
89,202,693.98,203.04,16.22,26.70,1,-1,-1,-1
89,198,495.48,147.94,14.59,32.93,1,-1,-1,-1
89,185,698.14,152.06,31.75,89.78,1,-1,-1,-1
89,169,278.19,201.71,125.98,92.41,1,-1,-1,-1
89,161,247.69,219.93,76.43,83.03,1,-1,-1,-1
89,153,403.26,194.84,77.35,74.24,1,-1,-1,-1
89,139,362.44,200.11,111.71,79.66,1,-1,-1,-1
89,130,633.71,145.52,34.53,95.67,1,-1,-1,-1
89,118,773.93,149.83,55.49,151.40,1,-1,-1,-1
89,113,-0.07,97.01,265.33,268.59,1,-1,-1,-1
89,22,575.39,131.56,33.11,113.77,1,-1,-1,-1
90,205,470.22,145.38,14.46,35.40,1,-1,-1,-1
90,198,493.77,148.22,14.52,33.05,1,-1,-1,-1
90,185,701.55,152.66,33.08,90.18,1,-1,-1,-1
90,169,283.34,202.32,123.77,91.67,1,-1,-1,-1
90,161,247.00,218.32,76.50,83.88,1,-1,-1,-1
90,153,404.43,195.43,77.17,73.88,1,-1,-1,-1
90,139,363.68,201.39,110.68,79.12,1,-1,-1,-1
90,130,634.65,145.52,35.71,97.10,1,-1,-1,-1
90,118,785.18,150.39,54.67,154.55,1,-1,-1,-1
90,113,-0.13,96.99,265.15,268.52,1,-1,-1,-1
90,22,577.23,132.70,33.59,114.66,1,-1,-1,-1
91,205,468.89,146.06,14.25,34.97,1,-1,-1,-1
91,198,490.38,147.83,14.25,33.31,1,-1,-1,-1
91,185,705.25,152.81,33.17,91.12,1,-1,-1,-1
91,169,277.05,200.80,126.35,92.70,1,-1,-1,-1
91,161,246.79,219.00,76.56,83.68,1,-1,-1,-1
91,153,404.20,194.38,76.96,73.56,1,-1,-1,-1
91,139,360.50,199.36,111.09,79.74,1,-1,-1,-1
91,130,635.79,146.56,37.18,98.15,1,-1,-1,-1
91,118,792.73,150.90,59.06,157.61,1,-1,-1,-1
91,113,0.19,96.55,265.50,268.81,1,-1,-1,-1
91,22,580.41,133.63,33.96,115.28,1,-1,-1,-1
92,205,470.18,147.42,14.24,34.21,1,-1,-1,-1
92,198,487.35,148.14,14.23,33.42,1,-1,-1,-1
92,185,708.80,151.93,32.61,91.36,1,-1,-1,-1
92,169,272.30,201.17,129.27,93.22,1,-1,-1,-1
92,161,247.94,221.63,76.45,82.01,1,-1,-1,-1
92,153,402.45,194.18,78.24,73.67,1,-1,-1,-1
92,139,362.95,198.84,111.05,79.72,1,-1,-1,-1
92,130,634.34,148.09,38.88,100.08,1,-1,-1,-1
92,118,799.13,153.28,63.24,162.17,1,-1,-1,-1
92,113,0.19,96.84,265.66,268.80,1,-1,-1,-1
92,22,584.34,133.90,34.58,116.83,1,-1,-1,-1
93,205,464.23,147.26,14.27,33.82,1,-1,-1,-1
93,200,396.62,142.52,14.70,34.96,1,-1,-1,-1
93,185,712.85,151.51,32.38,92.51,1,-1,-1,-1
93,169,279.44,201.74,126.54,92.02,1,-1,-1,-1
93,161,247.13,221.49,76.41,81.67,1,-1,-1,-1
93,153,401.35,195.95,78.80,72.49,1,-1,-1,-1
93,139,364.88,200.66,109.52,78.78,1,-1,-1,-1
93,130,633.82,148.26,40.68,101.31,1,-1,-1,-1
93,118,812.08,154.14,63.92,165.59,1,-1,-1,-1
93,22,588.53,133.42,34.46,118.28,1,-1,-1,-1
94,205,462.80,147.23,14.04,33.27,1,-1,-1,-1
94,185,716.87,152.75,34.19,93.46,1,-1,-1,-1
94,169,274.61,203.54,128.37,91.44,1,-1,-1,-1
94,161,247.58,221.10,76.54,81.81,1,-1,-1,-1
94,153,400.30,195.65,80.38,71.92,1,-1,-1,-1
94,139,359.22,199.64,112.17,79.32,1,-1,-1,-1
94,130,637.82,147.46,40.07,102.72,1,-1,-1,-1
94,118,827.13,152.28,61.58,168.73,1,-1,-1,-1
94,22,590.36,133.15,35.75,119.93,1,-1,-1,-1
95,213,483.14,148.77,13.63,34.37,1,-1,-1,-1
95,205,463.07,148.02,13.93,33.10,1,-1,-1,-1
95,185,719.07,152.03,34.09,94.02,1,-1,-1,-1
95,169,271.32,203.75,129.97,91.19,1,-1,-1,-1
95,161,247.51,221.27,76.26,81.41,1,-1,-1,-1
95,153,392.63,196.15,84.88,72.67,1,-1,-1,-1
95,139,359.57,201.02,112.60,78.46,1,-1,-1,-1
95,130,640.81,147.07,40.77,104.31,1,-1,-1,-1
95,118,841.47,152.46,61.83,172.95,1,-1,-1,-1
95,22,587.94,133.22,39.24,121.11,1,-1,-1,-1
96,216,719.48,209.79,20.04,30.20,1,-1,-1,-1
96,213,480.40,148.55,13.22,34.04,1,-1,-1,-1
96,185,724.07,152.28,32.43,93.96,1,-1,-1,-1
96,169,277.96,202.99,127.53,90.49,1,-1,-1,-1
96,161,246.90,221.50,76.09,81.27,1,-1,-1,-1
96,153,398.80,195.38,83.24,72.52,1,-1,-1,-1
96,139,361.37,201.82,112.55,78.04,1,-1,-1,-1
96,130,643.87,148.52,39.54,105.04,1,-1,-1,-1
96,118,855.25,153.02,70.97,177.13,1,-1,-1,-1
96,113,0.16,96.73,265.56,268.91,1,-1,-1,-1
96,22,586.56,134.40,42.10,121.90,1,-1,-1,-1
97,213,479.00,148.98,13.14,33.72,1,-1,-1,-1
97,185,729.30,152.34,33.15,95.46,1,-1,-1,-1
97,169,272.59,203.88,130.16,90.88,1,-1,-1,-1
97,161,247.10,216.81,76.88,83.77,1,-1,-1,-1
97,153,402.36,194.09,81.51,72.78,1,-1,-1,-1
97,139,360.85,200.30,112.73,78.80,1,-1,-1,-1
97,130,647.04,148.70,43.40,107.23,1,-1,-1,-1
97,118,860.29,155.09,79.30,183.46,1,-1,-1,-1
97,113,1.01,96.90,266.00,268.89,1,-1,-1,-1
97,22,589.41,134.74,43.27,123.40,1,-1,-1,-1
98,185,734.36,152.53,34.81,97.62,1,-1,-1,-1
98,169,276.87,201.72,128.43,91.16,1,-1,-1,-1
98,161,246.53,219.58,76.37,83.24,1,-1,-1,-1
98,153,396.62,194.00,83.98,73.98,1,-1,-1,-1
98,139,360.76,198.44,112.08,79.53,1,-1,-1,-1
98,130,645.62,149.62,43.37,107.93,1,-1,-1,-1
98,118,869.32,154.55,79.11,187.25,1,-1,-1,-1
98,113,0.48,95.89,266.14,269.22,1,-1,-1,-1
99,220,448.01,145.64,15.36,37.88,1,-1,-1,-1
99,185,738.66,152.97,36.25,99.20,1,-1,-1,-1
99,169,278.07,201.50,128.07,91.45,1,-1,-1,-1
99,161,246.67,220.59,76.39,82.64,1,-1,-1,-1
99,153,391.54,192.04,87.00,75.32,1,-1,-1,-1
99,139,360.14,196.78,113.56,80.88,1,-1,-1,-1
99,130,646.39,149.62,44.45,109.25,1,-1,-1,-1
99,118,889.01,151.90,73.46,189.97,1,-1,-1,-1
99,113,0.04,96.54,265.90,269.11,1,-1,-1,-1
100,227,472.18,148.72,15.47,33.64,1,-1,-1,-1
100,226,545.81,143.52,16.50,39.11,1,-1,-1,-1
100,220,446.61,145.25,14.70,37.57,1,-1,-1,-1
100,185,742.05,153.48,37.54,100.18,1,-1,-1,-1
100,169,272.08,201.11,129.95,92.45,1,-1,-1,-1
100,161,248.46,222.54,76.06,81.42,1,-1,-1,-1
100,153,392.05,191.92,87.66,75.38,1,-1,-1,-1
100,139,358.49,196.40,114.78,81.60,1,-1,-1,-1
100,130,649.03,149.98,44.22,109.96,1,-1,-1,-1
100,118,907.37,152.46,71.98,194.73,1,-1,-1,-1
100,113,0.24,96.78,266.22,269.02,1,-1,-1,-1
101,229,551.37,144.37,14.60,36.19,1,-1,-1,-1
101,227,470.52,147.97,14.57,33.85,1,-1,-1,-1
101,220,447.80,146.25,14.17,36.60,1,-1,-1,-1
101,185,746.83,152.87,38.33,100.81,1,-1,-1,-1
101,169,276.26,200.95,128.57,92.23,1,-1,-1,-1
101,161,248.59,222.44,75.86,80.92,1,-1,-1,-1
101,153,390.32,193.10,89.30,75.36,1,-1,-1,-1
101,139,356.06,197.12,116.15,81.63,1,-1,-1,-1
101,130,654.65,151.21,46.13,111.70,1,-1,-1,-1
101,118,924.02,154.54,82.39,199.46,1,-1,-1,-1
101,113,-0.21,96.32,265.76,269.05,1,-1,-1,-1
101,22,608.66,134.85,40.45,128.56,1,-1,-1,-1
102,231,746.37,210.44,20.49,33.83,1,-1,-1,-1
102,220,444.68,146.03,13.58,35.74,1,-1,-1,-1
102,185,751.40,152.91,37.50,101.49,1,-1,-1,-1
102,169,278.19,201.57,127.72,92.06,1,-1,-1,-1
102,161,247.36,221.87,75.76,81.59,1,-1,-1,-1
102,153,390.25,192.13,89.83,75.12,1,-1,-1,-1
102,139,355.87,197.87,116.63,81.36,1,-1,-1,-1
102,130,656.32,153.10,46.47,113.32,1,-1,-1,-1
102,118,934.95,155.15,91.43,205.99,1,-1,-1,-1
102,113,0.17,96.21,266.13,269.21,1,-1,-1,-1
102,22,612.52,135.37,40.81,129.65,1,-1,-1,-1
103,234,365.98,141.75,19.82,33.05,1,-1,-1,-1
103,233,458.70,144.82,16.10,39.40,1,-1,-1,-1
103,231,748.32,211.76,19.74,33.72,1,-1,-1,-1
103,220,439.26,145.11,15.34,35.19,1,-1,-1,-1
103,185,756.66,153.18,38.30,102.93,1,-1,-1,-1
103,169,278.45,202.22,127.12,91.54,1,-1,-1,-1
103,161,247.78,221.21,75.99,81.62,1,-1,-1,-1
103,153,389.77,193.18,90.62,75.08,1,-1,-1,-1
103,139,358.91,198.68,115.87,80.88,1,-1,-1,-1
103,130,659.90,151.34,46.43,114.14,1,-1,-1,-1
103,118,953.34,154.25,89.09,209.80,1,-1,-1,-1
103,113,0.15,96.64,266.24,269.08,1,-1,-1,-1
103,22,613.32,134.37,42.26,131.08,1,-1,-1,-1
104,234,363.10,141.29,20.53,33.10,1,-1,-1,-1
104,231,754.82,213.62,19.62,34.10,1,-1,-1,-1
104,220,440.11,146.62,15.84,35.01,1,-1,-1,-1
104,185,761.61,153.21,39.82,104.46,1,-1,-1,-1
104,169,276.22,201.65,128.02,91.83,1,-1,-1,-1
104,161,249.20,224.37,76.11,79.79,1,-1,-1,-1
104,153,389.13,193.14,91.70,75.37,1,-1,-1,-1
104,139,359.03,197.57,116.50,81.24,1,-1,-1,-1
104,130,665.20,152.02,44.64,116.32,1,-1,-1,-1
104,118,979.41,151.03,85.68,213.79,1,-1,-1,-1
104,113,0.11,95.35,266.33,269.71,1,-1,-1,-1
104,22,609.31,133.87,47.15,135.66,1,-1,-1,-1
105,234,359.74,143.30,19.60,31.37,1,-1,-1,-1
105,231,761.27,216.15,19.23,32.16,1,-1,-1,-1
105,220,437.38,146.91,15.60,35.05,1,-1,-1,-1
105,185,765.44,154.15,39.52,105.90,1,-1,-1,-1
105,169,269.59,201.50,131.24,93.45,1,-1,-1,-1
105,161,249.40,225.92,75.69,78.57,1,-1,-1,-1
105,153,390.91,192.10,90.93,75.96,1,-1,-1,-1
105,139,358.65,195.94,116.50,81.69,1,-1,-1,-1
105,130,670.82,152.39,45.43,118.47,1,-1,-1,-1
105,118,999.67,149.28,93.36,217.41,1,-1,-1,-1
105,113,0.88,94.75,266.62,270.17,1,-1,-1,-1
105,22,598.92,134.35,57.23,140.16,1,-1,-1,-1
106,234,360.84,144.95,18.59,30.03,1,-1,-1,-1
106,232,470.89,147.80,14.60,37.07,1,-1,-1,-1
106,231,768.12,215.22,19.33,32.78,1,-1,-1,-1
106,185,770.81,153.04,39.42,107.16,1,-1,-1,-1
106,161,249.31,225.26,76.01,78.48,1,-1,-1,-1
106,153,384.46,192.05,94.12,76.32,1,-1,-1,-1
106,139,354.63,196.25,118.45,81.61,1,-1,-1,-1
106,130,675.05,152.96,46.52,120.36,1,-1,-1,-1
106,118,1016.46,149.27,110.17,218.89,1,-1,-1,-1
106,113,0.28,95.46,266.53,270.07,1,-1,-1,-1
106,22,592.42,135.54,66.31,143.15,1,-1,-1,-1
107,236,275.68,199.14,128.41,95.50,1,-1,-1,-1
107,232,473.51,148.11,15.60,36.67,1,-1,-1,-1
107,231,774.72,214.91,19.64,32.31,1,-1,-1,-1
107,229,551.45,142.28,13.75,31.76,1,-1,-1,-1
107,185,777.28,152.49,40.29,108.45,1,-1,-1,-1
107,161,249.18,225.03,76.17,78.44,1,-1,-1,-1
107,153,385.52,191.64,94.73,76.94,1,-1,-1,-1
107,139,355.81,197.23,118.59,81.81,1,-1,-1,-1
107,130,679.18,153.77,47.65,123.16,1,-1,-1,-1
107,118,1022.90,149.65,117.94,219.31,1,-1,-1,-1
107,113,0.06,95.21,266.46,270.17,1,-1,-1,-1
107,22,590.75,135.95,71.74,146.55,1,-1,-1,-1
108,236,274.60,200.58,129.68,94.45,1,-1,-1,-1
108,232,476.22,149.62,16.15,36.15,1,-1,-1,-1
108,231,779.30,217.39,19.56,32.73,1,-1,-1,-1
108,229,548.90,144.06,14.65,33.65,1,-1,-1,-1
108,185,782.55,153.98,41.71,110.50,1,-1,-1,-1
108,161,249.77,227.31,75.34,77.02,1,-1,-1,-1
108,153,397.07,193.26,89.50,75.45,1,-1,-1,-1
108,139,355.92,197.37,119.16,81.65,1,-1,-1,-1
108,130,681.32,152.92,49.74,125.42,1,-1,-1,-1
108,118,1041.31,147.59,117.17,221.05,1,-1,-1,-1
108,113,0.03,96.13,266.46,269.83,1,-1,-1,-1
108,22,591.56,136.87,74.44,148.51,1,-1,-1,-1
109,236,276.43,200.81,128.48,93.61,1,-1,-1,-1
109,232,478.70,150.30,15.80,35.38,1,-1,-1,-1
109,231,786.88,221.13,19.41,32.17,1,-1,-1,-1
109,229,548.48,144.18,14.99,33.94,1,-1,-1,-1
109,185,789.30,154.40,42.61,112.19,1,-1,-1,-1
109,161,248.74,225.18,75.64,77.99,1,-1,-1,-1
109,153,392.17,193.13,90.91,75.67,1,-1,-1,-1
109,139,356.29,197.40,119.22,81.46,1,-1,-1,-1
109,130,683.77,152.60,50.52,127.42,1,-1,-1,-1
109,118,1077.73,145.59,107.61,222.79,1,-1,-1,-1
109,113,0.16,96.37,266.66,269.34,1,-1,-1,-1
109,22,598.38,135.19,73.30,149.95,1,-1,-1,-1
110,236,277.32,200.89,127.75,92.94,1,-1,-1,-1
110,232,482.05,149.36,15.34,35.85,1,-1,-1,-1
110,231,791.85,221.71,18.84,32.31,1,-1,-1,-1
110,229,547.99,142.00,14.61,33.35,1,-1,-1,-1
110,185,794.41,154.88,42.62,113.18,1,-1,-1,-1
110,161,248.96,223.97,75.84,78.37,1,-1,-1,-1
110,153,393.23,193.40,89.84,75.28,1,-1,-1,-1
110,139,357.79,198.09,118.37,81.28,1,-1,-1,-1
110,130,687.86,153.98,51.28,129.70,1,-1,-1,-1
110,118,1106.50,144.75,103.62,224.23,1,-1,-1,-1
110,113,0.12,96.70,266.74,269.21,1,-1,-1,-1
110,22,614.24,134.47,64.99,151.58,1,-1,-1,-1
111,247,436.06,150.49,16.13,34.13,1,-1,-1,-1
111,236,275.80,200.91,128.77,92.71,1,-1,-1,-1
111,232,485.78,147.72,14.89,37.20,1,-1,-1,-1
111,231,797.94,217.25,19.87,35.56,1,-1,-1,-1
111,229,549.15,144.32,14.35,33.59,1,-1,-1,-1
111,185,800.93,155.59,41.88,113.85,1,-1,-1,-1
111,161,248.42,223.81,76.11,79.20,1,-1,-1,-1
111,153,389.45,193.78,91.30,75.41,1,-1,-1,-1
111,139,357.41,200.27,118.07,80.05,1,-1,-1,-1
111,130,692.56,155.95,52.99,132.43,1,-1,-1,-1
111,118,1123.98,146.74,102.42,223.68,1,-1,-1,-1
111,113,-0.55,96.23,265.85,269.13,1,-1,-1,-1
111,22,623.53,135.38,58.80,152.80,1,-1,-1,-1
112,236,275.92,200.71,128.92,93.20,1,-1,-1,-1
112,233,441.45,149.97,15.33,34.42,1,-1,-1,-1
112,232,489.33,146.35,14.93,38.90,1,-1,-1,-1
112,231,802.06,218.96,19.07,34.93,1,-1,-1,-1
112,229,550.26,144.75,14.16,34.19,1,-1,-1,-1
112,185,806.66,155.33,41.39,115.61,1,-1,-1,-1
112,161,248.36,223.95,75.58,79.30,1,-1,-1,-1
112,153,387.21,192.34,92.57,76.10,1,-1,-1,-1
112,139,352.78,198.94,119.83,80.55,1,-1,-1,-1
112,130,695.42,155.17,53.53,134.57,1,-1,-1,-1
112,118,1133.90,165.29,99.83,212.94,1,-1,-1,-1
112,113,0.21,96.70,266.47,269.10,1,-1,-1,-1
112,22,631.12,135.97,54.95,154.52,1,-1,-1,-1
113,250,552.07,142.50,13.51,37.49,1,-1,-1,-1
113,236,276.39,201.55,128.33,92.82,1,-1,-1,-1
113,232,493.47,145.77,15.30,39.82,1,-1,-1,-1
113,231,805.52,222.86,18.48,34.28,1,-1,-1,-1
113,229,550.57,144.98,13.80,34.74,1,-1,-1,-1
113,185,813.29,155.05,43.92,116.73,1,-1,-1,-1
113,161,249.19,224.66,75.35,79.42,1,-1,-1,-1
113,153,387.70,195.96,92.83,75.14,1,-1,-1,-1
113,139,355.49,201.34,118.48,79.50,1,-1,-1,-1
113,130,700.83,155.46,51.93,136.21,1,-1,-1,-1
113,113,-0.41,96.95,265.73,269.13,1,-1,-1,-1
113,22,636.51,134.92,53.06,155.87,1,-1,-1,-1
114,236,273.72,201.92,129.87,92.95,1,-1,-1,-1
114,232,495.59,145.15,15.61,40.01,1,-1,-1,-1
114,231,811.05,225.94,18.75,34.43,1,-1,-1,-1
114,185,817.86,155.53,45.86,118.77,1,-1,-1,-1
114,161,249.28,226.56,74.78,78.05,1,-1,-1,-1
114,153,387.95,194.29,93.19,75.52,1,-1,-1,-1
114,139,358.55,200.86,117.22,79.30,1,-1,-1,-1
114,130,708.35,154.99,51.81,137.35,1,-1,-1,-1
114,113,-0.25,95.94,265.61,269.46,1,-1,-1,-1
114,22,641.57,134.50,51.96,158.91,1,-1,-1,-1
115,236,275.47,203.00,129.02,92.09,1,-1,-1,-1
115,232,497.88,145.58,15.27,39.88,1,-1,-1,-1
115,231,817.62,225.99,20.36,35.65,1,-1,-1,-1
115,185,823.95,155.70,45.73,120.31,1,-1,-1,-1
115,161,249.79,225.12,74.92,78.38,1,-1,-1,-1
115,153,395.07,195.86,89.40,74.37,1,-1,-1,-1
115,139,357.93,200.22,117.19,79.39,1,-1,-1,-1
115,130,712.69,157.15,53.14,140.29,1,-1,-1,-1
115,113,-0.32,96.03,265.28,269.52,1,-1,-1,-1
115,22,642.71,134.96,53.76,163.78,1,-1,-1,-1
116,236,276.96,203.44,128.44,91.32,1,-1,-1,-1
116,232,501.13,144.69,14.68,39.97,1,-1,-1,-1
116,231,824.69,225.45,21.19,36.81,1,-1,-1,-1
116,185,831.08,155.33,46.21,121.33,1,-1,-1,-1
116,153,397.20,196.27,87.70,73.83,1,-1,-1,-1
116,139,358.10,200.48,116.79,79.25,1,-1,-1,-1
116,130,716.59,157.73,53.13,142.58,1,-1,-1,-1
116,113,-0.25,96.02,265.10,269.51,1,-1,-1,-1
116,22,640.04,135.55,58.75,168.23,1,-1,-1,-1
117,236,277.91,203.68,127.39,90.63,1,-1,-1,-1
117,232,503.98,144.66,14.74,39.77,1,-1,-1,-1
117,231,831.33,224.87,22.51,38.75,1,-1,-1,-1
117,185,837.50,156.58,47.66,123.71,1,-1,-1,-1
117,153,397.54,197.98,86.30,72.71,1,-1,-1,-1
117,139,358.90,201.48,115.55,78.51,1,-1,-1,-1
117,130,721.15,157.06,53.99,144.73,1,-1,-1,-1
117,113,-0.04,96.57,265.18,269.37,1,-1,-1,-1
117,22,638.45,137.12,62.93,171.21,1,-1,-1,-1
118,236,277.23,202.00,128.36,91.66,1,-1,-1,-1
118,232,506.54,145.02,15.21,39.14,1,-1,-1,-1
118,231,840.47,229.78,22.93,37.86,1,-1,-1,-1
118,185,847.00,157.95,49.16,125.44,1,-1,-1,-1
118,153,390.16,197.85,89.32,73.54,1,-1,-1,-1
118,139,352.70,199.96,117.26,78.89,1,-1,-1,-1
118,130,724.08,158.22,54.95,148.95,1,-1,-1,-1
118,113,0.18,95.76,265.48,269.66,1,-1,-1,-1
118,22,640.38,137.59,65.22,175.64,1,-1,-1,-1
119,256,562.46,162.66,26.04,25.01,1,-1,-1,-1
119,254,551.93,142.43,16.00,41.79,1,-1,-1,-1
119,236,276.76,203.10,128.63,91.13,1,-1,-1,-1
119,233,423.62,151.50,15.88,30.74,1,-1,-1,-1
119,232,509.27,144.88,15.52,39.21,1,-1,-1,-1
119,231,849.78,233.60,23.65,38.32,1,-1,-1,-1
119,185,856.10,159.52,50.37,127.73,1,-1,-1,-1
119,161,250.51,224.98,74.49,78.38,1,-1,-1,-1
119,153,397.02,198.94,86.29,72.09,1,-1,-1,-1
119,139,352.00,200.99,118.47,78.71,1,-1,-1,-1
119,130,727.63,161.11,56.79,153.24,1,-1,-1,-1
119,113,-0.01,95.93,265.37,269.69,1,-1,-1,-1
119,22,652.82,136.65,62.76,178.93,1,-1,-1,-1
120,256,562.92,162.01,23.71,24.31,1,-1,-1,-1
120,254,553.44,144.74,15.05,39.75,1,-1,-1,-1
120,236,276.99,204.55,128.38,90.12,1,-1,-1,-1
120,232,511.12,145.03,15.15,38.36,1,-1,-1,-1
120,231,858.66,235.11,23.77,37.71,1,-1,-1,-1
120,185,864.21,158.82,50.00,128.79,1,-1,-1,-1
120,161,250.56,226.22,74.09,77.27,1,-1,-1,-1
120,153,397.77,199.69,85.34,71.06,1,-1,-1,-1
120,139,358.41,203.24,116.02,77.45,1,-1,-1,-1
120,130,732.22,164.74,58.75,157.44,1,-1,-1,-1
120,113,0.05,95.92,265.44,269.60,1,-1,-1,-1
120,22,664.13,134.72,59.63,181.72,1,-1,-1,-1
121,256,559.57,162.22,22.14,23.36,1,-1,-1,-1
121,254,554.84,143.69,15.26,40.43,1,-1,-1,-1
121,236,276.69,203.59,128.70,89.93,1,-1,-1,-1
121,232,513.68,144.23,14.77,38.18,1,-1,-1,-1
121,231,867.99,235.45,23.29,36.78,1,-1,-1,-1
121,185,873.95,158.20,49.19,130.18,1,-1,-1,-1
121,161,247.41,221.86,74.09,79.61,1,-1,-1,-1
121,153,395.37,197.97,86.23,70.99,1,-1,-1,-1
121,139,360.80,203.11,114.46,76.65,1,-1,-1,-1
121,130,736.38,165.98,58.63,159.98,1,-1,-1,-1
121,113,0.36,95.95,265.93,269.58,1,-1,-1,-1
121,22,672.43,135.00,58.73,184.73,1,-1,-1,-1
122,256,559.58,161.62,22.24,23.47,1,-1,-1,-1
122,254,556.05,141.33,15.30,39.65,1,-1,-1,-1
122,236,277.90,202.20,128.07,90.13,1,-1,-1,-1
122,232,517.28,143.63,14.57,38.53,1,-1,-1,-1
122,231,878.90,239.99,24.53,36.91,1,-1,-1,-1
122,185,885.14,158.36,49.18,132.27,1,-1,-1,-1
122,161,246.84,219.83,74.96,81.53,1,-1,-1,-1
122,153,387.28,196.57,90.09,72.00,1,-1,-1,-1
122,139,356.09,201.45,116.23,77.38,1,-1,-1,-1
122,130,740.61,165.39,58.77,162.95,1,-1,-1,-1
122,113,0.55,96.02,266.53,269.66,1,-1,-1,-1
122,22,680.25,137.29,60.10,188.70,1,-1,-1,-1
123,254,557.09,140.39,14.91,36.37,1,-1,-1,-1
123,236,279.88,202.29,126.72,90.20,1,-1,-1,-1
123,232,520.44,145.85,14.21,37.59,1,-1,-1,-1
123,185,895.52,158.23,53.74,133.86,1,-1,-1,-1
123,161,248.97,223.70,74.34,79.55,1,-1,-1,-1
123,153,385.00,195.79,92.14,72.50,1,-1,-1,-1
123,139,353.26,201.02,117.35,77.41,1,-1,-1,-1
123,130,749.00,164.84,57.60,166.81,1,-1,-1,-1
123,113,0.47,96.48,266.88,269.40,1,-1,-1,-1
123,22,684.53,136.21,59.76,191.31,1,-1,-1,-1
124,254,557.66,140.73,15.54,37.27,1,-1,-1,-1
124,236,277.63,201.30,128.06,90.98,1,-1,-1,-1
124,232,522.92,144.40,15.07,38.64,1,-1,-1,-1
124,185,903.97,160.07,53.71,136.51,1,-1,-1,-1
124,161,246.39,219.40,74.63,81.59,1,-1,-1,-1
124,153,388.80,194.27,91.39,72.98,1,-1,-1,-1
124,139,355.14,200.09,117.09,78.18,1,-1,-1,-1
124,130,754.96,164.38,57.79,169.05,1,-1,-1,-1
124,113,1.05,96.56,267.18,269.02,1,-1,-1,-1
124,22,690.98,135.56,60.02,194.64,1,-1,-1,-1
125,260,360.32,150.72,20.50,27.86,1,-1,-1,-1
125,254,558.14,141.11,15.21,36.39,1,-1,-1,-1
125,236,277.71,201.78,127.63,90.90,1,-1,-1,-1
125,232,524.95,148.03,14.65,36.54,1,-1,-1,-1
125,185,914.02,159.85,52.55,138.56,1,-1,-1,-1
125,161,245.84,217.86,74.49,82.78,1,-1,-1,-1
125,153,388.29,194.72,91.59,73.08,1,-1,-1,-1
125,139,355.65,199.50,117.46,78.62,1,-1,-1,-1
125,130,759.82,168.63,61.17,175.06,1,-1,-1,-1
125,113,1.18,97.23,267.33,268.62,1,-1,-1,-1
125,22,698.02,134.89,60.58,199.26,1,-1,-1,-1
126,260,363.39,151.15,20.29,28.54,1,-1,-1,-1
126,254,557.17,142.87,15.44,36.41,1,-1,-1,-1
126,236,281.86,202.37,125.40,90.30,1,-1,-1,-1
126,231,922.56,247.26,31.26,38.68,1,-1,-1,-1
126,185,927.76,159.21,51.97,140.85,1,-1,-1,-1
126,161,246.12,218.94,74.99,82.63,1,-1,-1,-1
126,153,384.77,198.64,92.62,72.95,1,-1,-1,-1
126,139,340.94,201.58,122.73,78.68,1,-1,-1,-1
126,130,768.72,170.17,62.54,179.21,1,-1,-1,-1
126,113,0.76,97.12,267.76,268.66,1,-1,-1,-1
126,22,695.15,135.17,66.58,204.47,1,-1,-1,-1
127,236,277.86,201.73,126.86,90.65,1,-1,-1,-1
127,231,934.45,251.07,30.65,38.24,1,-1,-1,-1
127,185,939.83,160.79,56.17,144.17,1,-1,-1,-1
127,161,243.77,217.64,74.81,83.71,1,-1,-1,-1
127,153,377.29,196.61,97.11,73.62,1,-1,-1,-1
127,139,344.21,199.91,123.66,78.91,1,-1,-1,-1
127,130,780.24,168.40,62.65,182.47,1,-1,-1,-1
127,113,0.43,96.49,267.96,268.79,1,-1,-1,-1
127,22,693.20,139.02,74.42,212.37,1,-1,-1,-1
128,236,276.70,202.53,127.80,90.57,1,-1,-1,-1
128,185,949.54,162.48,62.52,147.54,1,-1,-1,-1
128,161,242.92,218.06,74.64,84.23,1,-1,-1,-1
128,153,372.27,197.12,100.23,74.19,1,-1,-1,-1
128,130,788.62,166.58,63.18,187.02,1,-1,-1,-1
128,113,-0.36,96.65,267.16,268.52,1,-1,-1,-1
128,22,693.54,138.50,79.96,215.51,1,-1,-1,-1
129,236,273.14,202.33,130.05,90.85,1,-1,-1,-1
129,232,535.33,150.85,13.64,33.67,1,-1,-1,-1
129,185,962.59,162.17,62.77,150.10,1,-1,-1,-1
129,161,243.94,217.54,74.51,84.69,1,-1,-1,-1
129,153,378.27,196.87,99.48,73.97,1,-1,-1,-1
129,130,794.57,168.18,65.20,192.58,1,-1,-1,-1
129,113,-0.49,96.32,266.66,268.65,1,-1,-1,-1
129,22,701.19,138.10,82.45,221.82,1,-1,-1,-1
130,236,276.82,203.54,128.79,89.87,1,-1,-1,-1
130,232,536.44,154.42,13.25,31.46,1,-1,-1,-1
130,185,974.28,159.94,61.79,150.50,1,-1,-1,-1
130,161,243.49,218.26,74.06,84.56,1,-1,-1,-1
130,153,383.59,197.89,97.42,73.48,1,-1,-1,-1
130,130,803.20,168.00,70.96,195.64,1,-1,-1,-1
130,113,-0.05,96.20,266.86,268.79,1,-1,-1,-1
130,22,719.11,134.98,79.34,225.97,1,-1,-1,-1
131,236,274.53,203.44,130.04,90.21,1,-1,-1,-1
131,232,539.17,149.44,13.61,32.96,1,-1,-1,-1
131,185,985.57,160.95,62.79,153.85,1,-1,-1,-1
131,161,248.00,222.76,73.87,81.85,1,-1,-1,-1
131,153,380.18,196.69,98.99,74.58,1,-1,-1,-1
131,139,349.59,198.41,122.13,79.23,1,-1,-1,-1
131,130,813.07,168.12,73.23,198.39,1,-1,-1,-1
131,113,-0.31,96.69,266.43,268.74,1,-1,-1,-1
131,22,734.10,133.48,76.08,229.71,1,-1,-1,-1
132,236,275.88,202.81,129.68,90.54,1,-1,-1,-1
132,232,540.76,146.32,13.87,33.56,1,-1,-1,-1
132,185,1002.15,161.65,68.87,156.61,1,-1,-1,-1
132,161,249.07,221.90,74.52,81.31,1,-1,-1,-1
132,153,381.53,195.29,98.62,75.14,1,-1,-1,-1
132,139,350.38,198.31,122.41,79.79,1,-1,-1,-1
132,130,825.32,164.64,71.04,201.66,1,-1,-1,-1
132,113,-0.12,97.45,266.42,268.58,1,-1,-1,-1
132,22,745.60,132.81,76.81,232.56,1,-1,-1,-1
133,236,275.77,201.46,129.44,91.17,1,-1,-1,-1
133,232,543.50,145.26,13.52,34.09,1,-1,-1,-1
133,185,1014.72,164.05,71.18,160.01,1,-1,-1,-1
133,161,250.14,225.11,74.28,79.17,1,-1,-1,-1
133,153,374.23,194.96,101.18,76.16,1,-1,-1,-1
133,139,343.91,197.14,124.30,80.67,1,-1,-1,-1
133,130,835.89,164.13,76.89,203.70,1,-1,-1,-1
133,113,-0.10,97.23,266.34,268.64,1,-1,-1,-1
133,22,751.96,132.45,76.93,234.26,1,-1,-1,-1
134,236,274.61,200.87,130.48,91.78,1,-1,-1,-1
134,232,545.86,146.22,13.29,33.81,1,-1,-1,-1
134,185,1027.38,164.32,69.25,163.31,1,-1,-1,-1
134,161,250.23,224.81,74.46,78.77,1,-1,-1,-1
134,153,372.22,195.65,102.83,76.37,1,-1,-1,-1
134,139,337.15,196.65,128.47,81.54,1,-1,-1,-1
134,130,841.30,163.97,84.06,204.64,1,-1,-1,-1
134,113,1.10,97.07,267.05,268.62,1,-1,-1,-1
134,22,759.90,131.17,78.75,236.47,1,-1,-1,-1
135,236,274.39,201.51,130.78,91.67,1,-1,-1,-1
135,232,547.33,146.82,13.06,33.85,1,-1,-1,-1
135,185,1040.17,163.44,68.02,165.56,1,-1,-1,-1
135,153,380.71,195.26,99.79,75.60,1,-1,-1,-1
135,139,342.85,197.32,127.33,81.55,1,-1,-1,-1
135,130,848.45,165.24,90.36,204.31,1,-1,-1,-1
135,22,769.89,126.91,78.70,239.52,1,-1,-1,-1
136,236,273.64,200.42,131.18,92.51,1,-1,-1,-1
136,185,1058.27,165.19,72.58,171.47,1,-1,-1,-1
136,153,373.60,194.54,102.79,77.01,1,-1,-1,-1
136,130,866.61,162.59,89.97,206.10,1,-1,-1,-1
136,22,781.13,124.27,79.35,242.18,1,-1,-1,-1
137,236,274.93,199.28,130.98,93.21,1,-1,-1,-1
137,185,1075.75,166.42,78.72,175.22,1,-1,-1,-1
137,153,377.66,188.46,101.28,78.17,1,-1,-1,-1
137,130,888.92,161.23,88.66,207.34,1,-1,-1,-1
137,22,781.83,123.03,85.58,244.10,1,-1,-1,-1
138,275,564.11,155.56,27.33,32.00,1,-1,-1,-1
138,236,272.06,199.24,132.58,93.61,1,-1,-1,-1
138,185,1093.78,166.53,82.92,179.05,1,-1,-1,-1
138,161,249.00,218.81,78.55,81.92,1,-1,-1,-1
138,130,906.12,161.79,93.86,207.54,1,-1,-1,-1
138,22,781.23,124.70,94.58,243.81,1,-1,-1,-1
139,275,568.09,156.44,28.92,31.28,1,-1,-1,-1
139,236,269.63,199.35,134.15,94.21,1,-1,-1,-1
139,232,557.67,141.86,13.84,34.21,1,-1,-1,-1
139,185,1110.21,163.60,80.59,180.42,1,-1,-1,-1
139,161,247.28,219.51,78.90,82.06,1,-1,-1,-1
139,139,360.89,191.35,117.62,80.77,1,-1,-1,-1
139,130,921.15,162.89,104.26,206.95,1,-1,-1,-1
139,22,781.79,123.39,103.96,245.02,1,-1,-1,-1
140,278,365.24,147.34,26.21,27.67,1,-1,-1,-1
140,236,274.29,197.19,132.36,95.17,1,-1,-1,-1
140,232,559.91,142.40,13.62,34.03,1,-1,-1,-1
140,185,1128.56,161.62,79.43,179.87,1,-1,-1,-1
140,161,244.49,218.80,79.00,82.66,1,-1,-1,-1
140,139,364.38,191.40,114.76,79.74,1,-1,-1,-1
140,130,933.06,162.86,107.91,206.87,1,-1,-1,-1
140,22,791.55,120.59,109.37,246.57,1,-1,-1,-1
141,278,366.45,147.64,25.53,27.10,1,-1,-1,-1
141,236,274.05,198.72,132.34,94.89,1,-1,-1,-1
141,185,1140.68,162.62,81.76,182.20,1,-1,-1,-1
141,161,244.76,218.78,79.10,82.66,1,-1,-1,-1
141,153,375.47,186.68,101.74,81.01,1,-1,-1,-1
141,139,363.76,193.25,114.01,79.44,1,-1,-1,-1
141,130,958.55,161.14,109.32,208.18,1,-1,-1,-1
141,22,817.15,116.05,106.10,249.66,1,-1,-1,-1
142,278,367.27,148.81,24.45,26.83,1,-1,-1,-1
142,236,273.62,197.46,131.93,95.71,1,-1,-1,-1
142,185,1146.21,162.11,82.20,182.98,1,-1,-1,-1
142,161,244.81,219.94,79.13,82.43,1,-1,-1,-1
142,153,376.72,184.64,101.56,81.89,1,-1,-1,-1
142,139,360.04,191.37,115.94,80.21,1,-1,-1,-1
142,130,989.84,159.23,111.40,209.62,1,-1,-1,-1
142,22,843.84,112.84,103.24,252.52,1,-1,-1,-1
143,278,369.86,150.40,23.62,26.20,1,-1,-1,-1
143,236,274.17,197.24,131.55,95.94,1,-1,-1,-1
143,161,245.68,220.96,78.46,82.08,1,-1,-1,-1
143,153,377.66,184.87,101.07,82.26,1,-1,-1,-1
143,139,363.32,192.05,114.14,80.05,1,-1,-1,-1
143,130,1006.30,160.59,115.06,209.18,1,-1,-1,-1
143,22,862.33,112.76,102.54,253.66,1,-1,-1,-1
144,278,369.65,149.10,23.93,26.68,1,-1,-1,-1
144,236,274.43,196.67,131.28,96.42,1,-1,-1,-1
144,161,245.74,221.35,78.36,81.74,1,-1,-1,-1
144,153,373.57,183.91,102.72,83.09,1,-1,-1,-1
144,139,360.51,191.21,115.08,80.19,1,-1,-1,-1
144,130,1023.26,162.92,116.91,207.49,1,-1,-1,-1
144,22,881.31,113.34,109.27,253.94,1,-1,-1,-1
145,278,368.83,147.80,24.10,26.85,1,-1,-1,-1
145,236,274.79,195.87,130.43,96.94,1,-1,-1,-1
145,161,245.58,221.06,78.01,81.73,1,-1,-1,-1
145,153,373.54,184.03,102.72,83.56,1,-1,-1,-1
145,139,358.82,190.77,115.09,80.12,1,-1,-1,-1
145,130,1062.48,164.71,119.65,206.25,1,-1,-1,-1
145,22,903.53,110.36,108.87,255.99,1,-1,-1,-1
